-0.02396373  0.01602475 -0.01293746 ... -0.02217566 -0.00205017  0.00454386
-0.00847768  0.03173135  0.00024799 ... -0.01703826 -0.01825981 -0.02104876
-0.00702198  0.00783987  0.00825531 ... -0.0381812  -0.00466189 -0.01946948
-0.00886008 -0.04350149  0.00668282 ... -0.00030442  0.00535714 -0.02358289
-0.0100574  -0.02191879  0.00329041 ... -0.01234355  0.01708839 -0.02228335
-0.00777087 -0.0234452   0.00804619 ... -0.01731029  0.01746394 -0.03181463
0.00379285 -0.02069868  0.01301079 ... -0.00556327  0.03166394 -0.03226416
0.00179819 -0.02744229  0.0003476  ... -0.02785029  0.01396831 -0.02338706
-0.00563136 -0.02744096  0.00705066 ... -0.00348311  0.00071365 -0.01298817
-2.7987501e-04 -3.1042052e-02 -2.6865669e-03 ... -3.5657848e-03  1.3651497e-05 -1.9411555e-02
0.00403357 -0.01844821 -0.00765733 ... -0.01659932  0.01142655 -0.01511341
0.00262736 -0.01857453  0.00118842 ... -0.02909078  0.02036256 -0.02231546
-0.02547188 -0.01148736 -0.0205425  ... -0.03462834 -0.01107283 -0.02150601
-0.02454737 -0.00801207  0.00860204 ... -0.04132432 -0.01044155  0.0076032
-0.01234828 -0.02514618  0.01035722 ... -0.0325827   0.00080673 -0.02477476
0.00562502 -0.03316465  0.00821789 ... -0.00950417  0.00166632 -0.03211867
-0.00227743 -0.01974423  0.01821502 ... -0.01099443  0.01367881 -0.02747311
-0.00944735 -0.0217183  -0.00372133 ... -0.01257819  0.01583142 -0.01062096
-0.00112864 -0.01314841  0.01113594 ... -0.02296124 -0.0130988  -0.02455191
-0.00650737 -0.02408132  0.00170564 ... -0.01906932  0.0010612  -0.03223044
0.0174981  -0.0286682   0.00400641 ... -0.01666662 -0.00075793 -0.01526776
0.0040051  -0.0140748  -0.01948709 ... -0.02886919  0.0102279  -0.02993243
-0.01662736 -0.02992973  0.02676907 ... -0.02823484  0.01337493 -0.00920211
-0.01114345 -0.02704551  0.02465785 ... -0.00515913 -0.00044833 -0.01711966
-0.00027566 -0.01789423 -0.01902084 ... -0.02390484 -0.01245309 -0.03424161
-0.01554654 -0.0258241  -0.012425   ... -0.00943581  0.00088489 -0.01422217
0.00496109 -0.03042966  0.00298803 ... -0.01262938  0.01431679 -0.02698375
-0.00176542 -0.0149635  -0.02487103 ... -0.03226828  0.0129093  -0.03923851
-0.01018358 -0.0152057  -0.01860822 ... -0.0308843   0.00313636 -0.03508829
-0.01792987 -0.02402868 -0.01157707 ... -0.02472837 -0.00107795 -0.02021222
-0.00998943 -0.03136933 -0.01432963 ... -0.03302136  0.00917911 -0.02355599
-0.00086347 -0.01560014 -0.01432275 ... -0.03758532  0.00865352 -0.02450352
-0.00918003 -0.03057625 -0.00928865 ... -0.02766579 -0.00086526 -0.0089363
-0.00803659 -0.01843577 -0.0057049  ... -0.02499555 -0.00662898 -0.01963414
-0.0139052  -0.00869682 -0.00580482 ...  0.00740891  0.02153636 -0.03284379
0.00340093 -0.02142056 -0.02110459 ... -0.01062159  0.00256599 -0.04076694
-0.01239    -0.01417525 -0.00713965 ... -0.00272686 -0.00855369 -0.02138535
-0.00397168 -0.01596873 -0.02856729 ... -0.01932677  0.00053427 -0.03276414
-0.01323857 -0.02330405  0.00150563 ... -0.02484631  0.02588423 -0.03266943
0.00486584 -0.03646529  0.00778773 ... -0.01135095  0.00438589 -0.02860662
0.00901226 -0.01930233  0.01089932 ... -0.03516327  0.00231372 -0.01171523
0.00303771 -0.01885198  0.00207414 ... -0.02094932  0.01829315 -0.01053416
-0.00624515 -0.02908098 -0.0167229  ... -0.03976232  0.0122839  -0.01448669
0.00289413 -0.01425401 -0.00964617 ... -0.01188945 -0.01034697 -0.00750182
-0.01537044 -0.02785857 -0.00957693 ... -0.02584525 -0.0127681  -0.01490927
-0.00912057 -0.03316345 -0.00313983 ... -0.02652653  0.01928153 -0.03369145
-0.00603151 -0.01775239 -0.01146249 ... -0.04685683  0.00086653 -0.02880137
-0.00746749 -0.02870401 -0.01071099 ... -0.02566389  0.00057451 -0.02342471
0.00517019 -0.02381244 -0.01643867 ... -0.02879206  0.0008242  -0.00459674
-0.02531    -0.01652146 -0.00095027 ... -0.0094181  -0.00522169 -0.02639209
-0.01881541 -0.02761157 -0.00701858 ... -0.00818929 -0.00812908 -0.00396228
-0.01750564 -0.00365307 -0.01214403 ... -0.01796325 -0.01085555 -0.01366371
-0.01446233 -0.01837212 -0.00645364 ... -0.01966726  0.01036909 -0.01814784
-0.0196335  -0.03746447  0.02090066 ... -0.01730701  0.00296906 -0.02498935
-0.00930757 -0.01092122 -0.00956839 ... -0.02002475  0.00378507 -0.02821605
-0.01013267 -0.02548036 -0.00306212 ... -0.02173365  0.01585467 -0.02541282
0.00098352 -0.01848724 -0.01539756 ... -0.03469944  0.02264927 -0.01821079
-0.00743043 -0.02160892 -0.00770006 ... -0.01090231 -0.00101341 -0.01506273
-0.0034042  -0.02319029 -0.01045643 ...  0.00017056  0.00411041 -0.00668337
0.00158061 -0.02126395  0.00031021 ... -0.02776798  0.01741429 -0.02176726
0.01927796 -0.0233132  -0.01175011 ... -0.03535244 -0.00144574 -0.02123022
0.01005847 -0.00972632 -0.00423967 ... -0.00768909  0.01958116  0.00405132
-0.01230001 -0.00658069 -0.01341464 ... -0.02327741  0.02012712 -0.0033999
-0.00734933 -0.0132737  -0.01080802 ... -0.03202917  0.02753478  0.00304519
0.0009806  -0.00924661 -0.03825248 ... -0.01747301  0.01338612  0.00044618
0.00416125 -0.00708116 -0.00845631 ... -0.03833709  0.00283581 -0.01378015
0.00155979 -0.01689447 -0.00822241 ... -0.04051229  0.01673675  0.00696786
0.00866804  0.01064734 -0.00642253 ... -0.00651522 -0.00998797 -0.00617143
-0.00508094 -0.00810982  0.00461415 ... -0.03167121  0.00481436 -0.012252
-0.00620807 -0.02064513 -0.00814041 ... -0.03145038  0.01900611  0.00623049
0.00796459 -0.00359752 -0.02628666 ... -0.0184442   0.02191783 -0.01307732
0.01558241 -0.02711286  0.00066102 ... -0.01525636  0.01617082  0.00054434
0.00837976  0.00220211  0.0119161  ... -0.01717937  0.00747943  0.00209842
-0.00113576  0.00040234 -0.01135917 ... -0.0210455   0.01541059 -0.01362751
-0.00551492 -0.02441595  0.00404831 ... -0.02715306  0.03059758 -0.02431116
0.00932207 -0.00693728 -0.00607126 ... -0.01060285 -0.00123597  0.00585701
-0.01872617 -0.02256597 -0.01284597 ... -0.01786582  0.00765829  0.00189072
0.00035902 -0.01785692 -0.02361691 ... -0.02085486 -0.01440184 -0.02130646
0.00021598 -0.02436634 -0.00448865 ... -0.02572498  0.0112688  -0.02066207
0.0101946  -0.00207238 -0.00918533 ... -0.03482807 -0.01751009 -0.00824222
0.01797747 -0.0105605  -0.00963053 ... -0.02882226  0.01397967  0.00368564
-0.00034699 -0.00584066 -0.01019211 ... -0.04349149  0.0120968  -0.0026556
-0.0081412  -0.00240437  0.00924548 ... -0.02447492  0.00301749 -0.01476885
-0.00570251 -0.00951849 -0.00405304 ... -0.03486396  0.02961076 -0.02036347
0.00352813 -0.00873922 -0.00653744 ... -0.0381264  -0.0033069  -0.02252017
-0.015246   -0.01186209 -0.00633992 ... -0.02429211  0.00564234  0.00140615
-0.00423578 -0.0117268   0.00645643 ... -0.01580155 -0.00059851  0.00138796
0.01784333 -0.03500368 -0.00632588 ... -0.02838017  0.00300922 -0.00527794
-0.00875082 -0.0269823  -0.00469916 ... -0.02078098  0.00065629 -0.01175975
0.01398857 -0.0301371  -0.00919042 ... -0.01787105  0.00548751 -0.00190338
-0.01383815 -0.00936266  0.00394753 ... -0.01418018 -0.00127267 -0.0159564
0.02080572 -0.01482904 -0.00647846 ... -0.02524715  0.01891161 -0.0234145
-0.01983856 -0.02686505 -0.00292862 ... -0.0085696   0.00632905 -0.01071888
0.00281985 -0.02367166 -0.00921463 ... -0.01811504  0.00725214 -0.01792662
0.00286236 -0.04163439 -0.00350062 ... -0.01854814  0.00357604 -0.02060721
-0.00916617 -0.03627093  0.00127265 ... -0.04164568  0.01494622 -0.02760182
0.0116259  -0.01940081 -0.00668518 ... -0.01990187  0.00841336 -0.03100982
-0.02060352 -0.00882292 -0.00340533 ... -0.00525369 -0.02053625 -0.0308958
-0.02119624 -0.0201744  -0.01204579 ... -0.02067903  0.0027936  -0.01384793
-3.2651300e-05 -2.3578366e-02  6.7055663e-03 ... -2.6365599e-02 -1.9949723e-02 -1.3623651e-02
0.002691   -0.01303001  0.00392496 ... -0.02652337  0.00472023 -0.01214258
0.0028659  -0.02185254  0.01457761 ... -0.00324051  0.02091343 -0.03897716
0.00108944  0.00728533 -0.01627552 ... -0.03051456  0.0202871  -0.00770014
-0.0043543  -0.0105242  -0.0107509  ... -0.03474923  0.0179459  -0.00860382
-0.0051502   0.01340005  0.01191867 ... -0.00488629  0.00552496 -0.01227044
0.00341658 -0.03462725  0.00530917 ... -0.03966437  0.01904021 -0.0254772
-0.01185286 -0.00668538 -0.00448838 ... -0.03291252  0.02773313 -0.01340062
-0.02798184 -0.01208503  0.00234684 ... -0.01906398  0.00254457 -0.01817391
2.23640120e-03 -9.96343605e-03 -7.51185726e-05 ... -1.52957495e-02  5.83219016e-03 -1.37728518e-02
0.03386483 -0.00918324 -0.0025212  ... -0.02137993  0.02107996 -0.01310499
0.0046785  -0.02803646 -0.0156559  ... -0.01547389  0.00254953 -0.01359821
-0.00270306 -0.01157155 -0.02680344 ... -0.03357675  0.00611454 -0.02965513
0.00146343  0.00863358  0.00269286 ... -0.02537578  0.02427711 -0.01400902
-0.01156221 -0.01557546 -0.00761483 ... -0.0170749   0.01230263 -0.00655315
-0.00561686 -0.02242222 -0.01054153 ... -0.0218884   0.0099145  -0.02102935
-0.01616808 -0.01096275  0.00120584 ... -0.03149212 -0.00267317 -0.02225945
-0.02467196 -0.0349917  -0.01130022 ... -0.02803501  0.01909731 -0.01487941
-0.01695007 -0.01372561  0.00317815 ... -0.02158552  0.01721965 -0.02554755
-0.00427208 -0.01771632 -0.01338859 ... -0.0317209   0.00084402 -0.02630168
-0.00487733 -0.03132883  0.00227752 ... -0.0165744   0.02100397 -0.02487822
0.00644324 -0.0233852   0.01120288 ... -0.03440499  0.01965018 -0.01990678
0.00297    -0.0184231  -0.00662149 ... -0.01270456  0.01117933 -0.02179637
-0.00017326 -0.01761943  0.00918965 ... -0.03008993  0.0116254  -0.02774171
-0.00088272 -0.01418051 -0.01153701 ... -0.02710212  0.00375237 -0.01651914
-0.00606782 -0.00794346  0.00123932 ... -0.02787996  0.01229968 -0.01093057
0.00898755 -0.01381278  0.00662782 ... -0.02055456  0.01612424 -0.02772537
-0.01973467 -0.00124249 -0.00143261 ... -0.01661189  0.017309   -0.01516771
-0.01589795 -0.02502443 -0.00568078 ... -0.01409362 -0.00202331 -0.0279673
-0.00367729 -0.01443478 -0.00911167 ... -0.02061776 -0.00329296 -0.01880949
0.01109247 -0.00997199 -0.00369209 ... -0.02087684  0.00405101 -0.01250783
-0.00010608 -0.00766231 -0.00933986 ... -0.00091425  0.00720259 -0.01410949
-0.01060854 -0.00778631 -0.00190065 ... -0.00367821  0.01664399 -0.01927819
-0.01998663 -0.01827743 -0.00583712 ... -0.01789277  0.01138808 -0.02062728
1.1525623e-02 -1.7030092e-02 -1.4556950e-03 ... -2.3258019e-02  1.9044489e-02  5.5773551e-05
0.00521551 -0.00949095 -0.00055129 ... -0.01173071 -0.01098942 -0.02759244
0.00235055 -0.00632001  0.00409955 ... -0.02131006 -0.00403188 -0.01774039
0.01083225 -0.01407404 -0.02268951 ... -0.02388294  0.00445715 -0.01884886
-0.00172499 -0.03644608 -0.01777855 ... -0.03269166  0.02340151 -0.0167539
-0.00927775 -0.01456723  0.00647594 ... -0.01480483  0.01050761 -0.00905445
0.00225627 -0.02988605 -0.00245605 ... -0.0116548   0.02890209 -0.00550829
-0.00660494 -0.00557979  0.00870248 ... -0.02328489 -0.01363391 -0.00782007
-0.0036826  -0.02467313 -0.0097374  ... -0.0291302   0.01800268 -0.02686132
-0.0215959  -0.02217052  0.01762742 ... -0.00551099 -0.01694383 -0.02408534
-0.00894025 -0.0055692   0.02258776 ... -0.00357562 -0.01701567 -0.00648845
-0.03087883  0.00051388  0.02660712 ... -0.03453301 -0.023496   -0.0091882
-0.03191385 -0.0123395  -0.01404464 ... -0.02445487 -0.01568227 -0.02292456
-0.00754874 -0.01821886 -0.00317938 ... -0.04446892 -0.01309925 -0.03537626
0.01309858 -0.03220608 -0.00441827 ... -0.02971025  0.01786486 -0.03480737
-0.00624146 -0.02125318 -0.01609232 ... -0.0302557   0.00893303 -0.01955258
-0.00722454 -0.02105711 -0.00872462 ... -0.03335394 -0.00182281 -0.02928934
-0.00652933 -0.01284151 -0.01464622 ... -0.02809553  0.00705865 -0.00952025
-0.00167343  0.01181261  0.00323821 ... -0.01549398 -0.00879114 -0.01485312
-0.0061808   0.00302601  0.01252396 ... -0.0273351  -0.01978877 -0.01701683
-0.00134601 -0.01670402 -0.00130838 ... -0.01460773  0.00299746 -0.02034382
0.0079791  -0.03546746  0.00638434 ...  0.00242777  0.00395217 -0.0297283
-0.00517257 -0.0235107  -0.01377078 ... -0.00860321 -0.00123463 -0.01820705
-0.01209481 -0.03495117 -0.00738969 ... -0.01202521 -0.02152361 -0.0279825
-0.00781287 -0.02282712 -0.01787902 ... -0.01461177 -0.00932233 -0.03474963
-0.00711601 -0.02182783  0.00711112 ... -0.01486047 -0.00605551 -0.02710547
-0.01529621 -0.01665962 -0.01979121 ... -0.02036791 -0.01217151 -0.02449019
-0.03023467 -0.01664302 -0.02029902 ...  0.00258609 -0.02170076 -0.01575313
-0.01757665 -0.00644959  0.00034015 ... -0.03045648 -0.00887102  0.01046851
-0.02532822 -0.00680937 -0.01020486 ...  0.00145885  0.0046801  -0.00197963
-0.00101982 -0.03362593  0.00953729 ... -0.00147931 -0.00829131 -0.01374048
0.0018065  -0.02612215  0.01242078 ... -0.01390911  0.00361018 -0.01822121
-0.00821673 -0.0017186  -0.0084848  ... -0.01946579  0.00276908 -0.02481992
0.00384184 -0.02897381 -0.00924582 ... -0.02512862  0.01959249 -0.0214629
-0.01745228 -0.00727365  0.00329823 ... -0.00760833 -0.01027023 -0.00966379
0.00190091 -0.00179911  0.00339702 ... -0.02572326  0.01637289 -0.04222254
-0.01583302 -0.02890087 -0.00702968 ... -0.01783336  0.00250192 -0.01187611
-0.00906056 -0.02071254 -0.0124752  ... -0.03065305  0.00030692 -0.02220185
-0.00749711 -0.03562592 -0.00269969 ... -0.0321645   0.00426855 -0.02262869
0.00904824 -0.01084667  0.00510343 ... -0.01710529 -0.00139631 -0.01406205
-0.00817735 -0.03700339 -0.01460484 ... -0.02409529  0.01424819 -0.03595024
-0.00745146 -0.01215931  0.00156558 ... -0.02765133  0.00945676 -0.01757701
-0.0165637  -0.00742566  0.00019675 ... -0.02987408  0.00820282 -0.00767415
-0.00746012 -0.01171482 -0.00067722 ... -0.01761601  0.01770856 -0.04387183
-0.00059598 -0.00978864 -0.01301044 ... -0.04750016  0.0188704  -0.02517781
0.00220739 -0.00812434 -0.00703948 ... -0.02621479  0.01678092 -0.01350371
-0.01295349 -0.01254999  0.00159292 ... -0.02057974  0.00886563 -0.02615348
-0.01642557 -0.00432838 -0.00132266 ... -0.04010216  0.01269179 -0.01434274
0.00978988 -0.00974841  0.01123991 ... -0.01937675  0.00917105 -0.01800245
0.00113166 -0.02808279 -0.00679899 ... -0.01501913 -0.00053163 -0.03295252
-0.01085339 -0.02253001 -0.00717173 ... -0.0131879  -0.00600071 -0.02681602
-0.00963303 -0.01908944 -0.01848037 ... -0.03698805  0.01570973 -0.02629671
-0.00794047 -0.03680715 -0.01771453 ... -0.022397    0.00586435 -0.01645882
-0.02034595 -0.02192977 -0.01757481 ... -0.02716639  0.00593852  0.00854284
-0.00177354 -0.01497045 -0.00462635 ... -0.03173624  0.01378397 -0.00990004
0.00177641 -0.01441135 -0.00746158 ... -0.03549463 -0.00858021 -0.02584237
-0.0017624  -0.03247782 -0.01191436 ... -0.01542551 -0.00574567 -0.01229342
0.01288433 -0.01112039 -0.01179587 ... -0.01969964 -0.00548595 -0.02533157
-0.01906532 -0.01734841 -0.01384145 ... -0.02731628  0.02538382 -0.02288852
-0.02002643 -0.02144197 -0.00360959 ... -0.01112393  0.00182527 -0.01830873
-0.02527229 -0.00486864 -0.01781019 ... -0.02686929  0.01443356 -0.02140589
-0.01277348 -0.01658885 -0.02945527 ... -0.02379399  0.01369869 -0.00048573
0.00285179 -0.01361204 -0.00731395 ... -0.02731773  0.02035211 -0.01023684
-0.02857385 -0.02445602  0.00306102 ... -0.01339682  0.00366198 -0.03626668
0.00321943 -0.02688041 -0.00263533 ... -0.01602725 -0.0251239  -0.0250254
-0.01078729 -0.01666107  0.00013313 ... -0.01959802  0.01114163 -0.02716809
0.00768771 -0.02056162 -0.0018137  ... -0.01956095  0.02145227 -0.00548114
0.00806312 -0.01747734 -0.02167724 ... -0.01047158  0.00593976 -0.00478697
0.00168106 -0.02940073  0.00420655 ... -0.02062779  0.01601266 -0.02549496
0.0128239  -0.01154942 -0.01335453 ... -0.02763848  0.00748741 -0.0286216
0.00552495 -0.03201156 -0.00034626 ... -0.01966387  0.01153828 -0.0275203
0.01696692 -0.0097668  -0.01540054 ... -0.00974607  0.00484978 -0.0129438
-0.00679681 -0.01727181  0.00091834 ... -0.03333585  0.01959475 -0.02956936
0.01424497 -0.02782831  0.00671755 ... -0.02537915  0.01852939 -0.01898813
0.02005191 -0.02295186  0.01768994 ...  0.00518748  0.00748607 -0.01769043
-0.01063104 -0.02962817 -0.00510449 ... -0.01946117 -0.00578723 -0.02054583
-0.00689024 -0.02205196  0.01510173 ... -0.02314089 -0.00053927 -0.02205824
-0.00978235 -0.01427268  0.01346256 ... -0.02613942 -0.01963893 -0.01593949
-0.00088003 -0.02495071  0.0048426  ... -0.0265297   0.00359887 -0.02202419
-0.00675893 -0.01177231 -0.01019568 ... -0.03063907  0.01588477 -0.02305157
0.00848612 -0.02001273 -0.01491165 ... -0.00444249 -0.00257445 -0.03234934
0.0030592  -0.01906293 -0.01170846 ... -0.00686634 -0.01118563 -0.01418771
0.00133236 -0.01908959  0.0152064  ... -0.00358115  0.01349132 -0.01811725
0.00528978 -0.04061663  0.00261865 ... -0.01153276  0.00055533 -0.0298009
-0.00036829 -0.01750453  0.00384479 ... -0.00382625  0.02485931 -0.00830822
-0.00609979 -0.01565926 -0.00638303 ... -0.00991589  0.0061277  -0.01540219
0.00419969 -0.01165117  0.00273502 ... -0.03054458 -0.00220506 -0.01907441
-0.00779534 -0.01749899 -0.00642814 ... -0.02234092 -0.00463755 -0.0247149
-0.00332071 -0.02677544  0.00088162 ... -0.01869828  0.01278017 -0.01896127
6.5339598e-05 -1.9050080e-02 -8.0454876e-05 ... -1.9574160e-02 -1.2409859e-03 -2.7646942e-02
-0.02427467 -0.03464353  0.0145356  ... -0.00063917  0.02407195 -0.0093283
-0.01521885 -0.00869746  0.02208678 ... -0.01313481 -0.00216956 -0.02359733
-0.03027248 -0.00527192 -0.00098337 ... -0.00688454  0.0359685  -0.02236895
-0.01397683 -0.01743403 -0.00578145 ... -0.01474794 -0.00461499 -0.02667298
-0.01631337 -0.00478365  0.00155136 ... -0.01944561  0.01027237 -0.02129001
-0.02373694 -0.02871859  0.02091254 ...  0.00237349  0.00801614 -0.01315396
-0.00381715 -0.03035379 -0.00597721 ... -0.01833899  0.00546236 -0.03046568
-0.00316773 -0.02801398  0.01547525 ... -0.01326455  0.00468883 -0.01788177
-0.00442582 -0.02576004  0.01464601 ... -0.01288775 -0.00386924 -0.02282351
0.00019366 -0.03229979  0.01164108 ... -0.00913764 -0.02908946 -0.02761974
-0.01268095 -0.0087064  -0.00925915 ... -0.02727538 -0.0057168  -0.01502486
0.0051764  -0.02864043  0.00591403 ... -0.02747541  0.00232437 -0.01835039
-0.00238202 -0.03104848  0.01068849 ... -0.01190486  0.01725748 -0.00815494
-0.00316751 -0.00999924 -0.00748768 ... -0.01176602 -0.02679531 -0.01915717
-4.8689805e-03 -2.5490677e-02  1.7349164e-03 ... -5.5451491e-03  8.7211993e-05 -9.1250530e-03
-0.01323345 -0.0101649  -0.00789055 ... -0.0104628  -0.00454466 -0.02111675
-0.00624552 -0.02401334 -0.00481949 ... -0.01898966 -0.01584082 -0.00887301
0.011199   -0.0077887  -0.00460529 ... -0.00462037 -0.01989132 -0.02425208
-0.00486566 -0.03374084  0.00517893 ... -0.00344083  0.00276413 -0.01004616
-0.00922919 -0.02092061  0.00625937 ...  0.01433025 -0.01686384 -0.00549707
0.02045198 -0.01221718 -0.00181866 ... -0.01447286 -0.01215164 -0.02055328
0.01353987 -0.01662776 -0.00620789 ... -0.0369874   0.00139996 -0.03787334
0.01487765 -0.0182654  -0.01120693 ... -0.00826375 -0.00700482 -0.00640823
0.02478345 -0.02227341 -0.00679198 ... -0.02695099  0.00083638 -0.02604119
-1.1448100e-02 -2.8025454e-02 -4.7407160e-05 ... -6.8167676e-03  1.3899311e-02 -2.4184825e-02
0.0042214  -0.02941131 -0.01815565 ... -0.01754294  0.00986247 -0.01880119
-0.00968126 -0.02422527 -0.00193389 ... -0.00889089  0.01078832 -0.01795865
0.01240149 -0.02262507 -0.0019424  ... -0.01997122  0.00721525 -0.01707678
-0.00538349 -0.03341539 -0.00680841 ... -0.01709253  0.00725207 -0.03324125
0.00969314 -0.01897317 -0.00453413 ... -0.00720465 -0.00083526 -0.00530698
0.00837882 -0.03518281 -0.00366189 ... -0.01082432 -0.0063037  -0.00229815
-0.0074289  -0.04157651  0.0039096  ... -0.00656332 -0.01025848 -0.00664192
0.00208416 -0.03540197 -0.00181013 ... -0.00157024  0.00027389 -0.00080164
0.00191677 -0.00368164  0.02089328 ... -0.03262865  0.01100647 -0.02526717
0.00148344 -0.02624953  0.00810933 ... -0.00404702 -0.01615775 -0.02287148
0.0133916  -0.03993713  0.0017079  ... -0.02165213 -0.00353617 -0.02117489
0.00315707 -0.03484208 -0.01296487 ... -0.02795959 -0.01639339 -0.03187136
-0.01705081 -0.00344443 -0.0153613  ... -0.03288322 -0.01140551 -0.03320825
-0.01639762 -0.02285408  0.00365147 ... -0.0347782  -0.01272676 -0.01369651
-0.00094553 -0.02665525  0.00690143 ... -0.00088725 -0.00504059 -0.0366546
-0.00216518 -0.01013386 -0.00459832 ... -0.03052292  0.01035472 -0.0208342
0.01891037  0.00550527  0.00690448 ... -0.01517345  0.00837125 -0.0360579
-0.00209959 -0.01928857  0.00132779 ... -0.01919433 -0.00183661 -0.02729059
-0.02038379 -0.01652202  0.00808556 ... -0.01297343  0.00839647 -0.02693716
0.006413   -0.01425435 -0.00271328 ... -0.01409716 -0.02761937 -0.00823886
-0.00957636 -0.00917901 -0.0012045  ... -0.01903518 -0.02975486 -0.01941903
-0.02160355 -0.01941115  0.01378269 ... -0.01430467  0.0060709  -0.02769993
-0.01070071 -0.02110065  0.00450535 ... -0.02350926  0.01047201 -0.02594125
-0.01885007 -0.01385221  0.01112676 ... -0.0211449  -0.0020288  -0.01383559
-0.00039085 -0.02322834  0.03838697 ... -0.01786329 -0.00711266 -0.02706579
0.00224967 -0.01517576 -0.00158138 ... -0.01111745  0.01589785 -0.01206066
-4.7460566e-05 -1.2257358e-02  2.3027474e-02 ... -2.5780218e-02 -4.1326429e-03 -3.5415314e-02
-0.00276255 -0.00897461 -0.00495372 ... -0.03021723 -0.00144725 -0.03197974
-0.00480143 -0.01882508 -0.01132467 ... -0.02488577  0.00730763 -0.02147003
-0.00503593 -0.00785671 -0.00337878 ... -0.02087484  0.01211303 -0.03775621
-0.00601081 -0.01691249 -0.01111652 ... -0.01821863 -0.00793275 -0.02187729
-0.01935705 -0.01749774 -0.00136001 ... -0.00422988  0.00988381 -0.03336443
-0.01385458 -0.00923095 -0.00219396 ... -0.01794142  0.01270702 -0.01942381
-0.0104487  -0.02022984  0.00879366 ... -0.02176778 -0.00345952 -0.01009228
-0.02112675 -0.01746431  0.02103264 ... -0.02469266 -0.02266489 -0.01463131
-0.00562203 -0.02940365  0.01435276 ... -0.02288984 -0.00224481 -0.03011392
0.00706967 -0.02252308 -0.0083799  ... -0.02737897 -0.00144751 -0.02274049
0.01270939 -0.01609149  0.03033864 ... -0.0137948   0.00752112 -0.04726553
-0.01071983 -0.02224137  0.00546809 ... -0.02036582 -0.01047279 -0.02799424
-0.01763791 -0.02576398 -0.00148129 ... -0.03444798 -0.01658492 -0.02137307
-0.00324244 -0.02430302  0.00659036 ...  0.00350012 -0.00799463 -0.01921476
-0.00033164 -0.02478806  0.00234259 ... -0.00368288 -0.00761758 -0.02418542
0.00927017 -0.02144528  0.00663115 ... -0.02455228  0.02061869 -0.01531033
-0.00113128 -0.02621992  0.00097044 ... -0.0076857  -0.00292717 -0.02866621
0.03257639 -0.03257962  0.00132409 ...  0.02591164  0.0074895  -0.01962733
0.00247061 -0.01177494 -0.00083949 ... -0.03180947 -0.00707894 -0.02654762
-0.00601286 -0.02768668 -0.01321227 ... -0.03164408  0.01699664 -0.03905642
-0.00637807 -0.03428568  0.00529875 ... -0.01632759  0.01044722 -0.02438161
-0.01636232 -0.03252346  0.00178721 ... -0.01369884  0.01376879 -0.02118631
-0.00985118 -0.03053962  0.00157999 ...  0.00082369 -0.0007013  -0.02605505
0.0058831  -0.01510953 -0.00740134 ... -0.02211869 -0.00255902 -0.02365508
-0.00719386 -0.0217962  -0.00235558 ... -0.01951022  0.00795572 -0.02424724
-0.019328   -0.00869777 -0.01535562 ... -0.00018156  0.00224211 -0.03070402
-0.00957339 -0.01822896 -0.01505035 ... -0.0198218   0.01383396 -0.03453662
-0.00501538 -0.03679704 -0.0097893  ... -0.02380967  0.01899952 -0.0232571
0.01869761 -0.04328432  0.00313571 ... -0.00490862  0.00727062 -0.03322828
0.00883994 -0.04214869 -0.006829   ... -0.00942666  0.0130691  -0.03074807
-0.00537528 -0.02766647 -0.00554908 ... -0.01579973 -0.00784673 -0.02791045
-0.02111944 -0.01716968 -0.01250413 ... -0.01611136  0.01493853 -0.02658658
0.0205151  -0.01990232 -0.03292296 ... -0.03160464  0.0098397  -0.01591795
0.01714202 -0.03642454 -0.00563576 ... -0.00722219 -0.01026124 -0.01425661
-0.00070392 -0.01744607 -0.0005922  ... -0.00392499 -0.00870271 -0.0142116
0.00299665 -0.01198791 -0.0158657  ...  0.00069003  0.00475163 -0.01325689
0.00938248 -0.01331194 -0.00914458 ... -0.00644866 -0.01075757 -0.01670688
-0.01003073 -0.0179555  -0.01002323 ... -0.01388915  0.00347022 -0.03487939
0.00021392 -0.01669363 -0.00352874 ...  0.00787753 -0.00223675 -0.03887337
0.00291603 -0.01796049 -0.00024759 ... -0.00913368  0.00534675 -0.02163529
-0.01242208 -0.01216169 -0.0161071  ... -0.03303357  0.01227102 -0.02225106
0.00037438 -0.00431969 -0.00462402 ... -0.02812736  0.01120794 -0.02246671
-0.00701439 -0.01159559  0.00466535 ... -0.025675    0.00321335 -0.02640488
0.00368875 -0.00592458 -0.00886076 ... -0.02181899 -0.00756444 -0.02965157
-0.00378209 -0.0200367  -0.00609583 ... -0.02873098 -0.00328609 -0.02158963
-0.01007191 -0.01891714 -0.01314733 ... -0.01778706  0.01000412 -0.0324845
-0.00888517 -0.01794479 -0.02301368 ... -0.03442739 -0.00621991 -0.03165952
-0.02603507 -0.02569031 -0.00109696 ... -0.01059792  0.00226129 -0.02731246
-0.00618766  0.00297744 -0.02139308 ... -0.03253509  0.01247603 -0.00051736
0.00373304 -0.01086982  0.01472662 ... -0.0289768   0.03155928 -0.00656403
0.01177221 -0.02198228  0.00995214 ... -0.04349957  0.01864683 -0.010688
0.01613256  0.0019583   0.00186796 ... -0.03024702  0.00105032  0.00297794
0.01169896 -0.00179968  0.00278857 ... -0.03536198 -0.00553661 -0.00870611
-0.00125627 -0.01382399 -0.01395392 ... -0.00930782  0.02036421 -0.00477619
1.1500116e-02 -2.2756247e-02  1.1448751e-02 ... -2.1960907e-02  2.2640084e-05 -9.8250145e-03
-7.9959456e-05 -1.9355038e-02 -1.0703658e-02 ... -2.7129067e-02 -9.2485826e-03 -1.4677588e-02
1.0341746e-02 -2.4733629e-02  1.7887694e-05 ... -2.6506871e-02  2.0377887e-02 -1.0930624e-02
0.01688556 -0.04198584  0.00347764 ... -0.02190096 -0.00564529 -0.02510319
0.01163861 -0.01973405  0.00223059 ... -0.03115141  0.01070538  0.00439904
-0.00765784 -0.02861429  0.0102835  ... -0.02653287  0.00170938 -0.009357
0.00657938 -0.00944153  0.00821215 ... -0.02917393  0.00415226 -0.00901225
0.00472814 -0.0139108   0.00789959 ... -0.02212719  0.01023963 -0.01715796
0.00035279 -0.00971859 -0.00678212 ... -0.02312421 -0.00508687 -0.00111301
0.00026593 -0.01221174 -0.00899771 ... -0.027926    0.00770799 -0.01040627
0.00733529 -0.03682449  0.0008509  ... -0.00894672  0.00884727 -0.03460684
-0.00434263 -0.03793361 -0.00275479 ... -0.0280275   0.01010776 -0.02312101
-0.00456429 -0.03932984 -0.00233052 ... -0.02042566  0.0065579  -0.02060969
0.00285637 -0.02075367 -0.0088397  ... -0.02975934  0.01069503 -0.02100131
0.01526061 -0.00501388 -0.01921475 ... -0.01209554  0.01143955 -0.01839229
0.00238183 -0.03029015  0.01293663 ... -0.02576076  0.0020677  -0.00903466
0.00533235 -0.02425973  0.00407052 ... -0.02840159 -0.0059165  -0.02914539
0.00756352 -0.01709193  0.0013928  ... -0.0140879  -0.00713338 -0.01626278
0.00376807 -0.03139829  0.00546312 ... -0.0183419   0.00433321  0.00075464
-0.0002915  -0.03486321 -0.00943229 ... -0.02042049 -0.00628779 -0.01596067
0.00283273 -0.02763058  0.00099438 ... -0.01631587  0.01342204 -0.0324625
-0.01487641 -0.02826833 -0.01463265 ... -0.00144502  0.01589542 -0.0238525
-0.00635686 -0.02621838  0.00612522 ... -0.02484722  0.01976513 -0.02054628
0.00116572  0.00696125 -0.01210828 ... -0.01171582  0.00073511 -0.0103924
0.02133539 -0.02483103 -0.00072277 ... -0.0151638   0.00977953 -0.02242917
0.00031771 -0.01012585 -0.01516226 ... -0.01743096  0.00515848  0.00729972
0.00663385 -0.02636727  0.00281162 ... -0.00477384 -0.01963966 -0.00103644
0.0157814  -0.01595644 -0.01818743 ... -0.01810785  0.00386972 -0.00954949
-0.00127464 -0.02368178 -0.0031768  ... -0.00725582  0.00492854 -0.01413263
-0.00646501 -0.02401761  0.00920901 ... -0.02042641  0.02597056 -0.01953853
0.0212003  -0.01127883  0.02112814 ... -0.02921308  0.01086804 -0.01986607
0.00884329 -0.01596054  0.01253653 ... -0.03989413  0.01314983 -0.02578337
0.00371639 -0.01827333  0.00925063 ... -0.01338255  0.01661559 -0.01136745
0.01105557 -0.01536433 -0.02592095 ...  0.00330308  0.0023431  -0.00689172
0.00487318 -0.02742735  0.00159733 ... -0.0229458   0.01220845 -0.0214972
0.0083963  -0.02328563  0.01179042 ... -0.03794044 -0.00700832 -0.00794385
0.0023134  -0.01455096  0.0057437  ... -0.0240261   0.00233903 -0.02001071
0.01350996 -0.02030913 -0.01228438 ... -0.03613144  0.01653994 -0.02045321
0.00769998  0.00116194 -0.00735283 ... -0.03182502  0.00033107 -0.00416922
0.0181662  -0.03563062 -0.01427435 ... -0.01878018  0.00349014 -0.01440597
0.00208495 -0.00168857 -0.01239128 ... -0.01581358  0.02492294 -0.00713155
0.0009366  -0.00149743  0.00299335 ... -0.00573665  0.00895258 -0.00278816
0.00239898 -0.01338427  0.00299312 ... -0.02620876  0.0107995  -0.02896218
0.02671041 -0.03315258  0.00073077 ... -0.00137788  0.00812333 -0.02386621
-0.00484439 -0.01782517 -0.019952   ... -0.00642864 -0.0094819  -0.02019456
-5.2752872e-03 -4.4619665e-02 -3.2529041e-02 ... -1.0262220e-02  2.2172881e-05 -1.9165577e-02
0.00376885 -0.0203137  -0.008132   ... -0.0138564   0.01244404 -0.00032376
0.00920649 -0.01366629  0.01245863 ... -0.01827137 -0.01299795 -0.02211347
-0.00212372 -0.0315616  -0.00058591 ... -0.00502911  0.00073249 -0.00898504
-0.01192331 -0.02272492 -0.00153027 ... -0.01186511  0.01171842 -0.02245256
-0.0065109  -0.01043163 -0.02222442 ... -0.00831602  0.0316755  -0.01814127
-0.00283104 -0.03769634  0.00198394 ... -0.01427363  0.00637326 -0.01871018
0.00042197 -0.03392705  0.0071429  ... -0.01358046  0.00618712 -0.01538731
0.00971308 -0.01186402 -0.00272642 ... -0.01518234  0.00349681 -0.02290727
0.00905202 -0.03109824  0.02493143 ...  0.00214684  0.02315534 -0.01712909
0.02064717 -0.0212594  -0.00404453 ... -0.01493671 -0.0047618  -0.01216077
-0.01166249 -0.02606751  0.01136362 ... -0.00804786 -0.00551715 -0.04388275
-0.01463607 -0.03102765  0.01721842 ... -0.01522306  0.00566808 -0.02602749
4.8756756e-05 -3.8084142e-02  6.2508425e-03 ... -1.9119488e-02  1.4263445e-02 -2.1469453e-02
-0.01695789 -0.0056615  -0.0019311  ... -0.01709386 -0.02378421 -0.00433937
0.00080522  0.01386125  0.01675915 ... -0.01561502 -0.00897635 -0.03255468
-0.02863038 -0.02849688 -0.01108078 ... -0.00332354 -0.00487713 -0.01849949
-0.00831408 -0.0326717  -0.00130293 ... -0.01398743 -0.00728801 -0.01724241
-0.01193279  0.00483646  0.00685106 ... -0.00869676 -0.01501071 -0.00443537
-0.01032026 -0.01257912  0.01458554 ... -0.00571073 -0.02111653 -0.02485353
4.2218415e-04 -2.7350567e-02  3.4044101e-03 ...  9.7492157e-05 -1.1176636e-02 -3.1264763e-02
-0.01645595 -0.02558029 -0.03599831 ... -0.01479911 -0.0031331  -0.01634953
-0.00172542 -0.02137039 -0.01328258 ... -0.02092955 -0.00949344 -0.02777656
-0.00996883 -0.01806845 -0.0153211  ... -0.02456001  0.007624   -0.00439251
-9.4278716e-05 -2.4261737e-02 -7.4468780e-04 ... -3.6150145e-03 -2.7534556e-02 -2.6683168e-02
-0.01040476 -0.01848585  0.01102317 ... -0.01536304 -0.01536121 -0.01309452
-0.00214375 -0.0313799  -0.0230229  ... -0.02761948 -0.00040364 -0.03603967
0.00976786 -0.01406124  0.00707999 ... -0.02171144 -0.00337508 -0.03662806
0.00879341 -0.02767451 -0.01888716 ... -0.01735003  0.01658111 -0.02819561
0.0050675  -0.01706452 -0.00898503 ... -0.02209355 -0.00891132 -0.00713019
0.00834743 -0.00150307 -0.01511473 ... -0.01618503 -0.0053036  -0.02757186
0.00706321 -0.01831597 -0.01854532 ... -0.00925001 -0.01730162 -0.00561571
-0.0058264  -0.02174279 -0.01295888 ... -0.01966608 -0.00506964 -0.02985772
-0.00055924 -0.02127073 -0.00940915 ... -0.00537552 -0.00376966 -0.03484779
-0.00411231 -0.00763987 -0.00524781 ... -0.01029426 -0.01117535 -0.04719496
-0.01746608 -0.01528623 -0.00251235 ... -0.01334597  0.00126542 -0.01636252
-0.01073317 -0.03200113 -0.01160354 ... -0.00266054  0.00682284 -0.01604563
-0.01646969 -0.0198911   0.00518369 ...  0.01088075 -0.0266704  -0.0268194
-0.00862723 -0.01949561 -0.00688639 ... -0.01845719  0.0190652  -0.02138504
0.00656078 -0.01672923 -0.00051378 ... -0.00184999  0.0141879  -0.02785226
-0.01145657 -0.02651059  0.01586353 ... -0.01814584  0.00328229 -0.01627149
-0.02237184 -0.03004288 -0.01931646 ... -0.01598836 -0.00597213 -0.00945724
-0.00246059 -0.03045365 -0.02150956 ... -0.01383882 -0.01078404 -0.02321714
-0.01205005 -0.03223588 -0.00175628 ... -0.01057998 -0.00706245 -0.02985579
-0.0150718  -0.01889847 -0.0020951  ... -0.04560691  0.00362599 -0.01676164
-0.02915077 -0.0233918  -0.01045752 ... -0.01907971 -0.00093023 -0.0165339
-0.00320046 -0.01331445 -0.02635443 ... -0.02840571  0.00211886 -0.02847506
0.01976519 -0.02251234  0.01551892 ... -0.03567994  0.00524862 -0.01392131
-0.02250601  0.00218705 -0.03113152 ...  0.0020943  -0.00328145 -0.03983564
0.00434947 -0.02503938 -0.00129159 ... -0.00891794  0.00238511 -0.0172262
-0.00689288 -0.04724782  0.00521544 ...  0.00102557  0.01141773 -0.00996297
0.00104924 -0.01721531 -0.00159766 ... -0.03027153  0.02133334 -0.01926945
-0.00796704 -0.01095745  0.01217946 ... -0.00391931 -0.00038828 -0.00702952
-0.01838435 -0.03155041 -0.00394684 ... -0.01013743 -0.00401702 -0.0198612
0.00567451 -0.02090911  0.00038032 ... -0.01777284  0.02103027 -0.03297135
0.00526633 -0.02164596 -0.00288153 ... -0.01206752  0.00010006 -0.02220373
0.01151494 -0.00754476  0.00890856 ... -0.02490255 -0.00524556 -0.01484334
-0.00381767 -0.01296205  0.00671746 ... -0.01993745  0.00222104 -0.01082869
0.01393237  0.00061264  0.00288021 ... -0.00616707 -0.00133326 -0.0262181
-0.02241313 -0.01066929  0.00883008 ... -0.0210242  -0.01129425 -0.0241261
0.00228162 -0.02710799  0.00040869 ... -0.01287636 -0.01898131 -0.02714043
-0.04071159 -0.01365902  0.01237452 ... -0.01258222 -0.0266188  -0.01201893
0.0005464  -0.01151384  0.00124174 ... -0.01888345 -0.00318828 -0.02366898
-0.03720608 -0.01488691  0.0101031  ... -0.02217199 -0.00226984 -0.00098919
-0.00323697 -0.01990266 -0.0022794  ... -0.00354396 -0.01236053 -0.0020881
0.01022996 -0.01549521  0.00440852 ... -0.02160996 -0.00279542 -0.01314663
-0.00543226 -0.02082572  0.00576458 ... -0.0060605   0.00193647 -0.0018918
-0.02159375 -0.03367765  0.00421298 ...  0.00121432 -0.02333985 -0.01153511
-0.00869876 -0.04365322  0.00612055 ... -0.00844899  0.00380512 -0.0300465
-0.01485793 -0.02692018 -0.00072632 ... -0.01588516  0.00326767 -0.01073102
0.00877417 -0.02655812  0.02009197 ... -0.02071765 -0.00527932 -0.03340792
-0.01019924 -0.01809961  0.00863461 ... -0.00460327  0.00454113 -0.03066249
0.00484647 -0.02464064  0.00666843 ... -0.02571511  0.02337957 -0.0225547
0.00999267 -0.00270719 -0.01651737 ... -0.02761808 -0.00961021 -0.01768955
-0.01968728 -0.02399268  0.01469216 ... -0.02070601  0.00628268 -0.00416234
-0.01107389 -0.00086137  0.00693139 ... -0.02214331 -0.00617834  0.00261861
-0.01324287 -0.01683995 -0.00883034 ... -0.02215564 -0.00476574 -0.01924165
-0.0011759  -0.01268176  0.0014632  ... -0.02414092  0.01059797 -0.0287108
0.00184101 -0.00791616 -0.0113229  ... -0.03908614  0.02550478 -0.03267208
-0.00910264 -0.00686074 -0.00936706 ... -0.03338108  0.01839718 -0.0095274
-0.01149381 -0.01431451 -0.00696029 ... -0.01900248  0.0345356  -0.01600178
-0.02918573 -0.00123425 -0.01063322 ... -0.03418476  0.00868458 -0.01524621
-0.00290416 -0.01488134  0.00164134 ... -0.00538114 -0.01351458 -0.01714773
-0.00782526 -0.01494711 -0.00122017 ... -0.01628109 -0.00871022 -0.02585758
-0.00829143 -0.02006156  0.0300366  ... -0.009948   -0.0203319  -0.01610084
0.00534106  0.00380106  0.0045391  ... -0.01388999 -0.00462889 -0.00592091
-1.6891731e-02  5.6287623e-05  1.6268948e-02 ... -2.3646701e-02 -6.6287969e-03 -2.0458141e-02
-0.00742722 -0.0179603  -0.00782588 ... -0.02830339 -0.00145296 -0.01251745
-0.01419288 -0.00894269 -0.01031021 ... -0.02060623  0.00303337 -0.01253145
-0.00719048 -0.01356004 -0.00238662 ... -0.01114883 -0.01487447 -0.01099721
-0.00958951 -0.00957686  0.01546947 ... -0.02050513 -0.02829051 -0.00880696
0.00236432 -0.01925174 -0.0029547  ... -0.00903351 -0.02184621 -0.01645532
-0.00708087 -0.01277005 -0.00124678 ... -0.01422363 -0.02227974 -0.03575991
-0.0035034  -0.01991838  0.00534962 ... -0.02846788 -0.00895648 -0.0004196
-0.02306122 -0.02080796 -0.0021438  ... -0.01871534  0.00691588 -0.00504957
-0.0024477  -0.02308824 -0.02072171 ... -0.01642585 -0.00207149 -0.01168921
-0.01164572 -0.00749471 -0.01680548 ...  0.00243594 -0.00370811 -0.01514326
0.0046684  -0.0266983  -0.00359849 ... -0.00621126 -0.00532237 -0.01337192
-0.01050278 -0.01960374  0.00428085 ... -0.02326634  0.02438727 -0.01303705
-0.00515539 -0.01527901 -0.01720079 ... -0.01764271  0.00928624 -0.00964489
-0.00049192 -0.01754359  0.01414484 ... -0.00335567  0.00965456 -0.01755593
0.01272798 -0.01597507 -0.01199152 ... -0.01384492 -0.01146573 -0.0170983
-0.01332579 -0.01942961 -0.0203126  ... -0.02852597  0.01267386 -0.01775431
-0.01037375 -0.01941351 -0.00773201 ... -0.02338907 -0.01323066 -0.00078022
0.00703386 -0.02398208 -0.0004902  ... -0.02203329 -0.01484416 -0.00704844
-0.00677041 -0.0161943  -0.01053878 ... -0.02800925  0.00313761 -0.00968842
-0.01213127 -0.01983904  0.00052398 ... -0.01162651 -0.00492712 -0.00361815
0.00264097 -0.02984387  0.0044834  ...  0.00294295 -0.01988665 -0.02834795
0.01373282 -0.04289289  0.01054466 ...  0.00020857  0.00466782 -0.02203744
0.02964785 -0.03293189 -0.00373387 ... -0.02717973 -0.01403922 -0.02050119
0.00717029 -0.02775112 -0.00462855 ... -0.00024747 -0.01651743 -0.014475
-5.6717494e-05 -3.4430895e-02  9.5729483e-03 ...  2.9726888e-03  1.6359965e-04 -3.9126735e-02
0.02003156 -0.03044462  0.01750906 ... -0.02156185  0.02261061 -0.0214509
0.00068709 -0.05090132  0.00876818 ...  0.00839502  0.00922398 -0.0242944
0.00823908 -0.02324815  0.02083697 ... -0.01125966  0.00299766 -0.01910815
0.00397908 -0.02641954  0.00299334 ... -0.02883557  0.01379682 -0.01711421
0.02111058 -0.04474527 -0.00446341 ... -0.01399841  0.00302498 -0.02279582
0.00767848 -0.05228897  0.00184401 ... -0.01431797 -0.00462228 -0.03294093
0.02341133 -0.02275916 -0.01263427 ... -0.00759462 -0.00680271 -0.03158039
0.01382195 -0.03395669  0.00519187 ...  0.01193128 -0.00584818 -0.02627117
0.01903701 -0.03708144  0.00098053 ...  0.00795599  0.00396017 -0.02762978
0.02817043 -0.03280139 -0.00780372 ... -0.01950238 -0.00272569 -0.01732319
0.01851035 -0.01664824  0.00928341 ... -0.00564759 -0.00023293 -0.01734998
0.02541422 -0.02545542  0.00180443 ... -0.0158518  -0.0070569  -0.01583447
0.02624042 -0.02999977 -0.01653802 ...  0.01952117 -0.00754404 -0.02400296
0.01845539 -0.00557272 -0.00277359 ... -0.01156801 -0.00574167 -0.00844318
0.0080449  -0.02562092 -0.00836534 ... -0.01557372 -0.00217204 -0.01269015
0.00660224 -0.011945    0.00507848 ... -0.01012004 -0.00083701 -0.00857372
0.0173911  -0.01242104  0.02180716 ... -0.02534002  0.00100323 -0.01132893
-0.00359434 -0.02076067 -0.00730318 ... -0.00860287  0.01010956 -0.012995
-0.01168448 -0.0333538   0.02309101 ... -0.0331628  -0.0043506  -0.01842905
0.01511305 -0.01112186 -0.00753919 ... -0.00720274  0.00091858 -0.02746267
0.00094804 -0.01835952 -0.00770302 ...  0.00728521  0.00139236 -0.00494056
-0.0039647  -0.03303359  0.01287541 ...  0.0080003  -0.00712361 -0.01808352
-0.01525565 -0.04430903  0.00674386 ... -0.00140872  0.00574784 -0.00897431
0.01378375 -0.03781305 -0.00918704 ...  0.00623917 -0.0158803  -0.03105386
0.01269981  0.00150743  0.00197922 ...  0.00010826 -0.02149259 -0.00893034
0.00108677 -0.00430154  0.00030968 ...  0.00587385  0.00416905 -0.03716583
-0.01498585 -0.02020604 -0.0086837  ...  0.00278557  0.01269515 -0.02809272
-0.00110126  0.00237975 -0.01570315 ... -0.0064304  -0.00546371  0.00505801
0.00538254 -0.02256108 -0.00567588 ... -0.00521751  0.00834027 -0.0065174
0.02382272 -0.05072941  0.01421005 ... -0.00598355  0.00610288 -0.00985531
1.2506644e-02 -2.3540765e-02  6.0603893e-03 ... -9.7796731e-03 -5.2295047e-05 -3.1286597e-02
-0.00535063 -0.00386114 -0.0082919  ... -0.00723461  0.01450315  0.00419067
-0.00292138 -0.00399905 -0.00094086 ...  0.00377244  0.01269943 -0.01927111
-0.01452166 -0.02126583  0.00770869 ...  0.00352545 -0.00644882 -0.01829555
0.01601615 -0.02407623  0.01894755 ... -0.00216722 -0.00447049 -0.02895298
0.02116383 -0.02634772  0.00753191 ... -0.01209654  0.00242718 -0.03532735
0.02348409 -0.0258259  -0.0049222  ... -0.01895032  0.01226864 -0.02746288
0.0082905  -0.02218176  0.01202812 ... -0.01995433  0.00596183 -0.0106985
0.00646251 -0.00790962 -0.00202436 ... -0.01024104 -0.02162976 -0.02234562
0.00648799 -0.01527745  0.01221045 ...  0.00495943 -0.01523451 -0.01918928
0.02627803 -0.04158289  0.01090826 ... -0.00115001 -0.0109722  -0.02852278
0.02126198 -0.02721898 -0.00982907 ... -0.00547146 -0.0007617  -0.0301517
0.00810439 -0.03780678 -0.00534098 ... -0.0017724   0.01018847 -0.03291959
0.02030307 -0.01860202 -0.01952166 ... -0.02413285 -0.00419426 -0.02592409
0.03980462 -0.03463874 -0.00621659 ... -0.01159795 -0.00844986 -0.0419237
0.00544211 -0.01992691  0.00356849 ... -0.00610751 -0.00256254 -0.0285948
0.00606099 -0.01703916 -0.00663617 ... -0.01175617 -0.02013709 -0.01777867
0.01371801 -0.02821241  0.0030916  ...  0.00087652 -0.01318144 -0.03261571
-0.01709809 -0.01937982  0.01717572 ... -0.02777799 -0.00034089 -0.022546
0.0126552  -0.02692888  0.01003464 ... -0.00509389  0.002156   -0.00741731
1.9172244e-02 -2.6353464e-02  5.7474088e-05 ... -2.8237522e-02  2.1725429e-02  3.7373826e-03
-0.01347713 -0.01297614  0.01620261 ... -0.01595396 -0.02326887 -0.0184785
-0.01118322 -0.0120265   0.01434061 ... -0.00749424 -0.00941445 -0.01133218
0.01031063 -0.02380226 -0.00217786 ... -0.01204416 -0.00542268 -0.02597122
-0.01214786 -0.01468884 -0.00200927 ...  0.00025192  0.00366889 -0.01177142
-0.01087138 -0.01238124  0.01646547 ... -0.00693669  0.0086302  -0.00150181
-0.00410038 -0.02508906  0.00250203 ... -0.01399636 -0.00142151 -0.02352013
0.00230169 -0.01680412 -0.01805471 ... -0.00597509  0.01278226 -0.02248243
-0.01069685 -0.02402193 -0.00466839 ... -0.00067308  0.00931206 -0.03085325
0.00574746 -0.01608951 -0.00797091 ... -0.01042192 -0.00982512 -0.01883113
0.00205698 -0.02324807  0.00041275 ... -0.02392089  0.00857768 -0.01809775
-0.00435907 -0.01549508 -0.00165199 ... -0.01251308  0.00013065 -0.00690055
0.00863916 -0.01715481  0.00037404 ... -0.02007469 -0.00398387 -0.03143869
0.02376263 -0.00630562 -0.00634401 ... -0.02023123 -0.00793469 -0.01737741
-0.00307866 -0.01064466 -0.00827206 ... -0.01216676  0.00830497 -0.02237882
0.00701279 -0.02118878 -0.03149658 ... -0.00679034  0.00557423 -0.03946297
-0.00569362 -0.02220385 -0.00957796 ... -0.01319707  0.00627503 -0.02471693
0.00016079 -0.03806355 -0.01749146 ... -0.01694812  0.0212227  -0.0132428
0.01348933  0.00037727 -0.00036608 ... -0.02618813 -0.00887249 -0.01587973
-0.01035911 -0.01884202 -0.02201581 ... -0.00870828  0.00433785 -0.01350374
0.00801164 -0.02667747 -0.00742361 ... -0.01602693  0.02045903 -0.03822056
-0.00033386 -0.01742755 -0.01318379 ... -0.03493703  0.01303306 -0.01796138
-0.00127166 -0.01840101  0.00543083 ... -0.02563661  0.01684501 -0.01725391
-0.00246091 -0.02485337 -0.000651   ... -0.02547912  0.00183754 -0.02343184
-0.01668733 -0.02571007 -0.01673959 ... -0.00353672 -0.00950761 -0.00832175
-0.02741433 -0.03289675 -0.03177975 ... -0.01588051  0.01228614 -0.01109607
-0.01536283 -0.02393083 -0.01437289 ... -0.0204389   0.01458033 -0.01544619
-0.01804049 -0.02327289 -0.02522021 ... -0.01677978  0.02026962 -0.01237082
-0.00544228 -0.02588519  0.00278035 ... -0.01889511  0.00949183 -0.01412217
0.00273922 -0.03274462  0.0033641  ... -0.00926579  0.002689   -0.02413332
0.00538966 -0.01803949 -0.01361922 ... -0.01287719 -0.00494547 -0.03189893
-0.00878819 -0.03873557 -0.01115286 ... -0.02050002 -0.00198709 -0.04131347
-0.00500478 -0.03039194 -0.00037494 ... -0.02071343  0.00427142 -0.03456043
-0.00705565 -0.03087501 -0.02117319 ... -0.00835317  0.00440037 -0.02664974
-0.01525248 -0.03659169 -0.00585763 ... -0.02314221 -0.00034543 -0.01168443
-0.00369847 -0.03226094 -0.00594226 ... -0.02899681  0.00777399 -0.00995819
0.01238165 -0.03942419  0.00392085 ... -0.02682292 -0.01194854 -0.03805788
0.00376586 -0.02624028  0.00289635 ... -0.02389836  0.00227086 -0.02210641
-0.00086358 -0.0268873   0.00478969 ... -0.03681854 -0.00854073 -0.01604239
0.0046904  -0.01488664  0.00011241 ... -0.02075047  0.00329374 -0.00540237
0.00151911 -0.01869855 -0.00028995 ... -0.01797088  0.00394612 -0.005494
-0.00691737 -0.02966532  0.00313909 ... -0.02039701 -0.0061384  -0.00429255
0.00474168 -0.02928308  0.01057438 ... -0.02897062 -0.00433056 -0.012837
0.00468753 -0.01768589 -0.00055612 ... -0.04195653  0.00415726 -0.01901589
0.00244267 -0.02726027 -0.00191077 ... -0.0322924  -0.00321215 -0.02377092
0.01094012 -0.02004315  0.00375542 ... -0.00833138  0.0080285  -0.0132132
-0.0074429  -0.00677694 -0.02503693 ... -0.01415155  0.00506115 -0.00734913
0.00300777 -0.01892609  0.00506358 ... -0.02306301  0.00482007 -0.01177838
0.00458215 -0.02739807 -0.00527993 ... -0.01503166  0.0075636  -0.00866354
-0.00433914 -0.01497597 -0.00014743 ... -0.01238597 -0.00408871 -0.01219586
0.00454723 -0.02062912  0.00616313 ... -0.00901582  0.01290461 -0.00988288
0.01500916 -0.00710775  0.0087724  ... -0.02078256  0.00054674 -0.00714582
0.00305573 -0.04080699  0.00528378 ... -0.00120056  0.00884763 -0.01547016
0.00539737 -0.0190536   0.01149677 ... -0.02384678 -0.0084082  -0.0213312
0.00925359 -0.01210254 -0.02018989 ... -0.00715127 -0.00071588 -0.01423858
-0.01140482 -0.02787492  0.00011524 ... -0.01511587  0.01053524 -0.02861498
0.00976797 -0.04662549  0.00203561 ... -0.03416662  0.01699114 -0.04138821
-0.00256076 -0.01914533 -0.00683981 ... -0.02932877  0.00655579 -0.00894203
0.01249941 -0.01774698  0.00399257 ... -0.01880504  0.00815528 -0.03757517
0.00908976 -0.02394078 -0.00615501 ... -0.00557159  0.00561166 -0.01971554
-0.00910458 -0.0349749  -0.00935443 ... -0.02104046  0.00802394 -0.0241669
0.00415619 -0.01276654  0.00621768 ... -0.01888044  0.01889197 -0.01403602
-0.01194206 -0.01749036 -0.01742573 ... -0.01766439  0.00579877 -0.02867737
-0.00924775 -0.02852232 -0.00331285 ... -0.02834019  0.02141517 -0.02424659
0.01079057 -0.00867371 -0.00765514 ... -0.03846234  0.00694501 -0.023368
0.01321418 -0.01117496  0.00834571 ... -0.01455514  0.00507998 -0.02774278
0.00536522 -0.01928919 -0.00443329 ... -0.00855875  0.00627303 -0.01824664
0.00654767 -0.02020699  0.01582553 ... -0.02405017  0.00476762 -0.02366339
0.02036859 -0.03322869  0.0188432  ... -0.01208423 -0.00761712 -0.01899231
-0.00090252 -0.03275904 -0.00124796 ... -0.0486107   0.02572761 -0.0301302
-0.00387738 -0.02564026  0.01989296 ... -0.01166436 -0.00865597 -0.02310206
-0.02021795 -0.03633453  0.00908362 ... -0.00503995 -0.00945613 -0.01478209
3.1534799e-03 -3.4310944e-02  4.9170016e-05 ... -2.4210302e-02  1.7180203e-02 -1.4565186e-02
8.8038971e-05 -1.4880066e-02 -1.8542442e-03 ... -2.3948571e-02  1.9799951e-02 -2.9259248e-02
0.00345478 -0.02126263 -0.00372542 ... -0.02578934  0.00403923 -0.02765784
0.00245656 -0.03844846 -0.0207903  ...  0.00083493  0.01354024 -0.035071
0.00932681 -0.03978498 -0.00116798 ... -0.02849474  0.02675703 -0.02725816
0.0031112  -0.02048576  0.01440934 ... -0.01803799 -0.0122354  -0.01025659
0.02100222 -0.03188379  0.01411307 ... -0.03375623 -0.00507853 -0.00821936
-0.00030324 -0.03801212 -0.00141778 ... -0.01536871 -0.02072448 -0.01869256
0.03197282 -0.04511973  0.01267287 ... -0.02865473  0.01322598 -0.02765578
0.01416418 -0.04776705  0.00480892 ... -0.02493325 -0.00567623 -0.01557496
0.0074976  -0.0443811   0.01189287 ... -0.01016994  0.0065543  -0.02176935
-0.00604881 -0.03178284 -0.00454565 ... -0.03297281  0.03196375 -0.01907543
0.0126929  -0.03847163  0.01583131 ... -0.01219341 -0.0004455  -0.03275951
0.01840158 -0.02768873  0.0073529  ... -0.01476061 -0.00868938 -0.02818504
-0.01387071 -0.02418575 -0.01060686 ... -0.02592928  0.01661422 -0.0318057
-0.01857895 -0.0338222  -0.01171961 ... -0.00358491  0.00222536 -0.02397822
0.00456115 -0.01218418  0.00362043 ... -0.00407269  0.0061573  -0.02263895
-0.03925922 -0.01718941 -0.00734964 ... -0.00424242  0.01097253 -0.01732194
0.00451271 -0.02925749 -0.0188022  ... -0.01302162 -0.01033641 -0.01084331
-0.02336368 -0.01964721 -0.02217907 ... -0.03083847  0.0081625  -0.0141106
-0.00986302 -0.02002624  0.00051652 ... -0.01664554 -0.01238951 -0.00595764
0.00496509 -0.0185303   0.00115366 ... -0.02754389 -0.02207467 -0.00469929
-0.00161575 -0.02868935  0.00468299 ... -0.01711078 -0.01900894 -0.0112952
-0.01778599 -0.01332906 -0.02529949 ...  0.00042449 -0.00164842 -0.02485002
-0.01008098 -0.04325736 -0.00205361 ...  0.00048981 -0.01931527 -0.01591488
0.00976982 -0.02867135  0.01429692 ...  0.00140215 -0.00779835 -0.00990859
0.00103563 -0.0237411   0.0023632  ... -0.03517998 -0.00892523 -0.01898627
-0.01380663  0.00325704 -0.0179484  ... -0.03551024  0.0061602  -0.02453215
-0.003165   -0.02184985 -0.00087456 ... -0.02159938 -0.01865117 -0.01939558
-0.01989303 -0.01312549 -0.01072995 ... -0.01452458  0.00405635 -0.02695092
-0.00869301 -0.03100661 -0.0026559  ... -0.02219503  0.00576558 -0.0201736
0.00057416 -0.01316565  0.02018742 ... -0.02861055 -0.00569661 -0.00652295
0.00702458 -0.0150765   0.02236366 ... -0.02330597 -0.00768387 -0.01421425
0.0134398  -0.01328273 -0.00597519 ... -0.01562888  0.00840576 -0.00028136
0.02393088 -0.02541657  0.00058894 ... -0.01008116 -0.00563635 -0.03341249
0.02353889 -0.02491102 -0.00157524 ... -0.00982224  0.00884029 -0.03703341
0.03450913 -0.04375529 -0.01557642 ... -0.00818791 -0.00936303 -0.03431247
0.0148558  -0.03216426 -0.00048699 ... -0.00404901  0.01544935 -0.03208666
0.02936115 -0.02895695  0.00234144 ... -0.01501021  0.01003525 -0.01059912
-0.00678266 -0.01296878  0.00528493 ... -0.02255423  0.00091079 -0.0144807
0.01121853 -0.04553537  0.01643411 ... -0.00747158 -0.01470565 -0.02167431
0.03211994 -0.0226985   0.01133594 ... -0.01622101  0.00143535 -0.03369279
0.00260298 -0.02076473  0.01213797 ... -0.00468208 -0.00326905 -0.00266148
0.01553558 -0.03215368  0.00244213 ... -0.00763116 -0.00028266 -0.00590478
0.02133826 -0.02881584  0.01963152 ... -0.00974576 -0.00247113 -0.0200069
0.01497499 -0.04077056  0.00335355 ... -0.00500765 -0.01362275 -0.02454321
0.01886799 -0.02677995  0.00741166 ... -0.00027615 -0.00263769 -0.03604619
-0.00047946 -0.02620649 -0.00927738 ...  0.00737114 -0.01809574 -0.02939371
0.02039201 -0.02848527  0.00842339 ...  0.01451502 -0.00756793 -0.03100907
0.03383033 -0.01875241  0.00142227 ... -0.00259712 -0.01438148 -0.04009699
0.01236921 -0.02018192  0.02881166 ... -0.01389025 -0.00845142 -0.01888212
0.03438467 -0.03167656  0.01031054 ... -0.0007878  -0.02285057 -0.02320114
0.03266642 -0.02549372  0.01251803 ... -0.00215137  0.00516457 -0.02699188
0.0320611  -0.03105548  0.00794602 ... -0.02795819 -0.00150229 -0.03030435
0.00379373 -0.0221309   0.01655803 ... -0.01453689 -0.00213526 -0.0376795
0.03158548 -0.02106733 -0.00073843 ... -0.0065702   0.00114796 -0.02954412
0.03030742 -0.03983013 -0.00384347 ... -0.00783912 -0.01352847 -0.03551749
0.02671094 -0.03439909  0.02694645 ... -0.0043485   0.00128256 -0.02589345
0.01041255 -0.03000878  0.02147776 ... -0.01729525 -0.00574321 -0.03862098
0.01752401 -0.04542524  0.02431353 ...  0.00264729 -0.00895175 -0.02652838
0.03854073 -0.03121792  0.01852512 ... -0.0137696  -0.00708501 -0.04706155
0.0089602  -0.0344971   0.01333883 ... -0.00253172  0.00011567 -0.03069843
-0.00367286 -0.0141968  -0.00859317 ... -0.02916692  0.00375039 -0.00985624
0.02509897 -0.02697476  0.00533623 ... -0.00562834 -0.00744432 -0.01841643
-0.0108674  -0.02252364  0.01551251 ... -0.01149231 -0.00526196 -0.02708791
0.00287097 -0.0171605  -0.01894015 ... -0.03879482  0.01650443 -0.03131695
0.01660791 -0.0284739   0.00341655 ... -0.03806476  0.01387132 -0.03449088
0.00444025 -0.02409329 -0.00376112 ... -0.03804737  0.00069274 -0.02358235
0.00297446 -0.03255646  0.01432859 ... -0.02141027  0.01160114 -0.05044533
-0.00437774 -0.04164012 -0.01207046 ... -0.03123869  0.00633649 -0.02752598
-0.01731697 -0.01579251 -0.01019632 ... -0.02853265  0.00938671 -0.03298604
-0.02857695 -0.01328058  0.00255021 ... -0.03052314  0.0128456  -0.00990927
0.00107852 -0.03180113  0.0167936  ... -0.01066071  0.00040144 -0.03886996
0.01479561 -0.02720633  0.00311753 ... -0.03892868  0.0070812  -0.03759982
0.01970466 -0.02450988 -0.00921321 ... -0.02435589 -0.02021212 -0.02069598
6.5618251e-03 -3.1284679e-02  1.6698007e-02 ... -1.6314631e-02 -8.1921586e-05 -2.1350285e-02
-0.00804309 -0.0165538   0.00890202 ... -0.00860113  0.00873651 -0.01075884
-0.01335653 -0.01134949  0.01337106 ... -0.01087481  0.01085062 -0.03836925
-0.01468565 -0.02306048 -0.00290254 ... -0.00362902  0.00028771 -0.04009175
-0.00563908 -0.02393276  0.01747434 ... -0.01741363  0.0228186  -0.03414257
-0.00498285 -0.00710759  0.00127551 ... -0.01400676 -0.00273878 -0.04087505
-0.00232514 -0.03176749  0.00250738 ...  0.01057962  0.00176138 -0.02284977
0.00420151 -0.02611835 -0.00035091 ... -0.01555099 -0.00052193 -0.05016105
0.0009995  -0.05246116  0.00424655 ...  0.00419616 -0.01129056 -0.04284354
0.00824478 -0.02029058 -0.00060642 ... -0.02682027  0.00270491 -0.02470714
0.00360165 -0.01171152  0.00787324 ... -0.02128367 -0.0022309  -0.03143037
-0.0095526  -0.02742229  0.00053174 ... -0.02988307  0.00451187 -0.02600237
-0.00544053 -0.02695402  0.01068314 ... -0.02404433 -0.008225   -0.03306666
-0.0097901  -0.0304815   0.0062772  ... -0.01756867 -0.00600495 -0.03701787
-0.0149818  -0.02454805  0.01040672 ... -0.0235472   0.00350994 -0.02435491
-0.0021727  -0.02910991  0.00484427 ... -0.01529737  0.02323215 -0.0264508
0.00330277 -0.02753834 -0.00361632 ... -0.00617926 -0.01109662 -0.01708329
-0.01075441 -0.03536228 -0.01660065 ... -0.02389558 -0.00852292 -0.0229974
0.00265003 -0.02341876 -0.00901594 ... -0.02445591 -0.00688266 -0.01961562
0.00580975  0.00747164 -0.00018533 ... -0.00378184 -0.0036018  -0.03003587
-0.00138158 -0.02029956 -0.00343535 ... -0.00986983  0.00061407 -0.03195074
-0.02706206 -0.00462329  0.02206789 ... -0.01354547 -0.01731686 -0.01092641
-0.01661328 -0.02409283  0.0146914  ...  0.0080171  -0.00250956 -0.01252035
-0.00496134 -0.04102018 -0.00251757 ... -0.02637952  0.00045627 -0.02231663
-0.01125828 -0.03445024  0.01035948 ... -0.00618022  0.00924836 -0.02233051
0.00499334 -0.05230175  0.01354371 ...  0.00991639 -0.00681573 -0.01737886
0.01617116 -0.02600877  0.00019815 ... -0.01984501 -0.00148131 -0.02745505
-0.00453895 -0.02699464 -0.00388721 ... -0.01335263  0.00404403 -0.02532699
0.00378921 -0.0406334   0.0004488  ... -0.02227355  0.00772666 -0.02949704
0.00073071 -0.02296112  0.02126179 ...  0.00283547  0.00239757 -0.04140225
-0.00433037 -0.02422775  0.00182648 ... -0.03139256  0.02147727 -0.0458917
-0.0054333  -0.01511008 -0.00491308 ... -0.02796599 -0.00099674 -0.02717026
0.01025636 -0.03204257 -0.01819816 ... -0.0076134   0.00462792 -0.03306382
0.00044069 -0.02286847 -0.00529692 ... -0.0259932   0.0217172  -0.03427179
0.0143397  -0.02563846 -0.0086198  ... -0.01577548  0.01240544 -0.03159503
0.00393795 -0.03158181 -0.0044353  ... -0.00236038  0.01930387 -0.00220544
0.00980964 -0.04202337  0.01487337 ... -0.01751363  0.0143068  -0.02834412
-0.00151849 -0.02451807  0.00395567 ... -0.00612192 -0.00108587 -0.0318383
-0.01139966 -0.01764413 -0.00172566 ... -0.01357251 -0.00140081 -0.04055385
-0.00545985 -0.00903934 -0.02029407 ... -0.01740312 -0.00908692 -0.03190209
-0.02154909 -0.02136924 -0.02567165 ... -0.02021249  0.01069216 -0.03699607
-0.00557861 -0.02805473 -0.00668738 ... -0.00238638  0.00984223 -0.03608201
-0.00468187 -0.02464612  0.01349662 ... -0.01467504  0.00567195 -0.01739984
-0.00446902 -0.02148181 -0.01362038 ... -0.0110372   0.00986337 -0.02043079
0.00154118 -0.0306454  -0.00381954 ... -0.01274557  0.00531199 -0.02370043
0.00622433 -0.02246986  0.00227853 ... -0.01439364  0.00277674 -0.00806322
0.01295908 -0.03237673  0.01237498 ... -0.02095963 -0.00755558 -0.00541541
0.00126036 -0.00528954  0.00030664 ... -0.03488785  0.00191071 -0.02008545
0.00817651 -0.02492682 -0.01056135 ... -0.02057946  0.00943813 -0.01517173
-0.00706135 -0.00654685 -0.00899712 ... -0.01660943  0.02584231  0.00396361
0.0125092  -0.01700648  0.00132806 ... -0.01156463 -0.00966082 -0.00300952
0.0013321  -0.02427574 -0.00035234 ... -0.01747975  0.01049139 -0.01136929
0.00393264 -0.02473716  0.00503532 ... -0.01819525  0.01483929 -0.01136135
0.00160024 -0.0195183  -0.00410565 ... -0.02351707  0.00108018 -0.01171684
-0.00623447 -0.02730553 -0.00543206 ... -0.0291085   0.02962799 -0.00591143
-0.02177512 -0.01075662 -0.0059884  ... -0.01778628  0.00362     0.01013759
0.00392821 -0.02310521  0.01710715 ... -0.01958965 -0.01558708 -0.01308691
0.01445888 -0.00165809 -0.01123559 ... -0.02453975  0.00607617 -0.01831901
0.00581869 -0.01274575 -0.00198071 ... -0.03207305  0.00787351 -0.01440097
-0.0105817  -0.01475037  0.01561003 ... -0.02790451  0.00597007 -0.01162757
0.00163907 -0.0050088  -0.01219993 ... -0.02776833  0.00454674 -0.02276262
0.01034251 -0.03105184 -0.00057383 ... -0.02987071  0.03562955 -0.01780085
0.00441712 -0.02522688  0.00645669 ... -0.02638909  0.00774796 -0.01348144
-0.00325773 -0.01375841  0.01291999 ... -0.02006888  0.00679054 -0.00607686
0.00644297 -0.02216634 -0.0106328  ... -0.02831639 -0.01595639 -0.00863808
-0.01213876 -0.01188701 -0.02135546 ... -0.02962263  0.00296943 -0.01948767
-0.00134086 -0.02510522  0.00536833 ... -0.03047132 -0.00898388 -0.01976109
0.00354325 -0.01606651 -0.01812484 ... -0.01214112  0.01741247 -0.01768686
0.00549508 -0.02970129 -0.01269971 ... -0.02094018  0.00987744 -0.00766249
0.00599247 -0.01146281  0.00308307 ... -0.02806341  0.01505359 -0.02419567
-0.01122038 -0.02857644 -0.00459963 ... -0.0033178   0.01317983 -0.00626377
-0.01163865 -0.00998539 -0.02628624 ... -0.02268464  0.00937766 -0.00533503
0.00766566 -0.0157898  -0.01898945 ...  0.00267926  0.01278809 -0.03382116
0.0140555  -0.01044134 -0.02492135 ... -0.03935542  0.0048677  -0.01082304
0.01010388 -0.01102712 -0.02656105 ... -0.0212889   0.0098244  -0.02089074
-0.00980536 -0.01602676 -0.01368695 ... -0.02008688  0.02051971 -0.01190874
0.00028935 -0.01263321 -0.01145019 ... -0.02437935  0.00681192 -0.01983386
0.00475329 -0.02574162  0.01038224 ... -0.01765656  0.01199267 -0.03498244
0.00836334 -0.02707567  0.00179447 ... -0.01268359  0.00807203 -0.02787887
0.01977605 -0.00576649 -0.00845367 ... -0.01677209  0.02634678 -0.01892383
-0.00257879 -0.02001885 -0.00133579 ... -0.02320384  0.01532074 -0.03206364
0.0154069  -0.00999463  0.00188775 ... -0.02746677  0.01291166 -0.01717288
0.00958978 -0.02868918  0.00996955 ... -0.03663813  0.02173316 -0.02467706
-0.00426765 -0.00368931  0.00667538 ... -0.03882233  0.0018366  -0.03017513
0.00960351 -0.02860408 -0.00629495 ... -0.01771955  0.00328917 -0.02288715
0.01229237 -0.02172864 -0.00391679 ... -0.0291759   0.02256406 -0.01316524
0.00779559 -0.01250309 -0.02144272 ... -0.02584089  0.00215917 -0.02255724
-0.01515105 -0.00906707 -0.01172764 ... -0.03142456 -0.00880753 -0.02078255
5.5316451e-04 -1.3158264e-02 -6.4262953e-05 ... -9.5067555e-03  5.7597626e-03 -2.5017321e-02
0.01254191 -0.02293179  0.00574739 ... -0.01786478  0.01412227 -0.02610645
0.00701881 -0.01164382  0.0005836  ... -0.01231382  0.00873795 -0.02295158
-0.00017743 -0.03409304 -0.0045175  ... -0.02011355  0.00412596 -0.0240804
0.00775119 -0.01820354 -0.01030043 ... -0.03035283  0.00418125 -0.0228762
0.01995303 -0.03305807 -0.00274918 ... -0.00533732 -0.01442426 -0.02781695
-0.013525   -0.01970074  0.00946107 ... -0.00813648  0.00686111 -0.01090538
0.0037311  -0.00433579  0.00915649 ... -0.01493237 -0.02367626 -0.04044245
-0.00563077 -0.00624681  0.01378678 ... -0.0216652   0.00349782 -0.02064037
-0.01131082 -0.03240583  0.01590534 ... -0.005399    0.00896063 -0.01381814
-0.00678611 -0.0051127  -0.01170768 ... -0.00696293  0.00350739 -0.01980955
-0.00139274 -0.0068864  -0.02245893 ...  0.0017923  -0.01470809 -0.03717106
-0.00904598 -0.01934811  0.00740581 ... -0.0087162   0.00275106 -0.02319639
0.00368527 -0.01792752 -0.00844519 ... -0.03264254  0.01681253 -0.0160626
-0.00815084 -0.03021631 -0.01570042 ...  0.00176561  0.00533668 -0.02845108
-0.00088463 -0.03880486  0.00044814 ... -0.02346598  0.00885609 -0.03048985
0.00784493 -0.01659417  0.01390246 ... -0.00478892  0.00672026 -0.03217793
0.00858616 -0.02548834  0.00146811 ... -0.00483875 -0.01255068 -0.01834034
0.00176637 -0.03127819  0.01168438 ... -0.02021969 -0.00412695 -0.05318436
-0.00621054 -0.0153843  -0.00691324 ... -0.01834957 -0.00896404 -0.01435719
1.8127965e-02 -3.0730475e-02  6.3127976e-05 ... -4.3174801e-03  1.5442140e-02 -3.0898735e-02
1.4463411e-02 -4.5191236e-03 -1.0460168e-02 ...  6.0076840e-05 -2.0039918e-02 -2.7525555e-02
-0.00449313 -0.00325579 -0.00909346 ...  0.00455979 -0.02079681 -0.0332339
0.00908536 -0.01609939 -0.00472617 ... -0.01795041 -0.00265593 -0.03077333
0.01418039 -0.02517717  0.01189528 ... -0.01117938 -0.00551175 -0.01267865
0.00633656 -0.03051041  0.01538904 ... -0.00772404  0.00502524 -0.0078042
0.005078   -0.00807308 -0.01587166 ... -0.01961941 -0.00537312 -0.0104321
0.00379833 -0.00563775  0.0014235  ... -0.01262568 -0.00827301 -0.01563674
-0.00713396 -0.03588552  0.00830471 ...  0.00045219 -0.00490094 -0.03387097
-0.0053752  -0.01273753  0.00873789 ... -0.01531819  0.00403355 -0.01546405
-0.01285315 -0.00277864  0.01642396 ... -0.01716661 -0.01481108 -0.02273248
-7.2042192e-03 -5.8266926e-03  8.9868008e-05 ... -5.5210730e-03  1.2990481e-02 -1.9331792e-02
0.00959348  0.00047884  0.01490692 ... -0.01235953 -0.00039971 -0.02029249
0.00880384 -0.02605034 -0.00691229 ... -0.00814104  0.00260724 -0.02019245
-0.00427095 -0.00826262 -0.00607121 ... -0.0178516   0.01050008 -0.01443387
-0.01222574 -0.0300087  -0.01160689 ... -0.0007449   0.00127068 -0.02545122
-0.01853121 -0.02175347 -0.00488762 ... -0.00053221  0.02280403 -0.02496705
-0.00415813 -0.02171451 -0.0156594  ... -0.01055436  0.01207054 -0.03063151
0.02146753 -0.0325185  -0.00176722 ... -0.00546772 -0.00670344 -0.02574406
0.01595713 -0.03104409  0.00434851 ... -0.01123005 -0.01196638 -0.02500051
0.00790566 -0.01619877 -0.00906926 ... -0.01339218 -0.00456481 -0.02438958
0.01261811 -0.01309288 -0.00118712 ... -0.01875297  0.00520035 -0.03093062
0.02005209 -0.01073614  0.00043651 ...  0.00683399  0.00633453 -0.03701505
0.01643345 -0.02398622  0.00866225 ... -0.01096387 -0.00298799 -0.02153662
0.00733149 -0.01691273  0.00622831 ...  0.00434102 -0.00466065 -0.02149613
0.01186019 -0.03157129  0.0084131  ... -0.01379199  0.00243827 -0.02623558
0.00092593 -0.02452405 -0.00868883 ... -0.00919521  0.00046451 -0.01363289
0.00109336 -0.00351046  0.01199892 ... -0.01541819  0.00287025 -0.01185466
0.01765782 -0.02069116  0.01892914 ... -0.01910192 -0.01578397 -0.04493858
-0.01072006 -0.03127591 -0.00313792 ... -0.00595658  0.01516473 -0.04018167
0.01765862 -0.00317519 -0.00065023 ... -0.03079852  0.01017817 -0.02430621
0.00359635 -0.02104116  0.00455352 ... -0.01255119 -0.003526   -0.02671761
0.01344736 -0.02521216 -0.00499375 ... -0.0089264   0.00375926 -0.01783232
0.00980093 -0.04089401  0.00331835 ... -0.02220417  0.01325355 -0.02663143
0.01108064 -0.00349698 -0.01260427 ... -0.01918679 -0.00756925 -0.01699116
0.00390838 -0.0361088   0.0068532  ... -0.00813809  0.003375   -0.02895978
0.00307522 -0.03283653  0.01559268 ... -0.01573758  0.00114911 -0.00956154
0.0132377  -0.03349847 -0.00554957 ...  0.00161578  0.00169248 -0.01100736
0.0052439  -0.02871266 -0.00284062 ... -0.02143999 -0.00132217 -0.01656182
0.00387923 -0.02376629 -0.01091175 ... -0.04650711  0.02110264 -0.01344475
-0.00714897 -0.01881326 -0.00155762 ... -0.04277366  0.01414446 -0.02212304
0.02063682 -0.03607842  0.0089944  ... -0.03679905  0.01252761 -0.0218123
0.00799059 -0.02448388  0.00986985 ... -0.01583858  0.01233491 -0.01591961
2.3631612e-02 -2.6224989e-02  1.4500471e-05 ... -3.3870623e-02  2.8013042e-03 -3.6819357e-02
0.00184438 -0.03228754  0.00286212 ... -0.02353525  0.01256833 -0.01986691
0.00089866 -0.03394342  0.00982737 ... -0.04263332  0.00027439 -0.01932462
0.02288095 -0.03925159 -0.00560744 ... -0.01698863  0.00074814  0.00036857
0.0041053  -0.00300105  0.00206742 ... -0.03048407  0.0341679  -0.03889329
0.00594508 -0.01424658  0.00807728 ... -0.01831358  0.00846882 -0.03353023
0.02208729 -0.01684513  0.00630857 ... -0.02301374 -0.01052327 -0.04371946
0.02115289 -0.02546855 -0.00895866 ... -0.01435039 -0.00579021 -0.0183556
0.02589911 -0.02642956  0.00688657 ... -0.00539135  0.01184113 -0.04427988
0.01670687 -0.02647745  0.0186072  ... -0.02910944 -0.00954325 -0.04754883
0.01573738 -0.01212674  0.00386576 ... -0.03946709 -0.00638465 -0.02187022
-0.00227699 -0.02693785 -0.00376066 ... -0.03037964 -0.02009799 -0.02016304
0.03092613 -0.02066466  0.01333094 ... -0.03186966 -0.01295028 -0.03060763
0.01413724 -0.02365616 -0.00322088 ... -0.02028158 -0.00606037 -0.02101593
0.0060468  -0.03625185  0.0083194  ... -0.01290376 -0.01388069 -0.03090042
0.00263398 -0.02452977  0.01274425 ... -0.02817615  0.01692424 -0.01550315
0.01167846 -0.03005711  0.02189761 ... -0.03845451  0.00171976 -0.03222731
0.00294272 -0.03327283  0.00799482 ... -0.02347917  0.02178625 -0.03239951
0.01905923 -0.01360993  0.00113671 ... -0.00558223  0.01882933 -0.02948542
0.01739557 -0.04108164  0.01983709 ... -0.03605679  0.01113514 -0.04206972
-0.01064554 -0.02936412 -0.01408216 ... -0.02291811 -0.01139353 -0.02367352
0.00067196 -0.0333036  -0.0111469  ... -0.00884035  0.00074498 -0.0287053
-0.00509506 -0.03050182 -0.00611539 ... -0.01515615  0.00432743 -0.02497624
-0.00989016 -0.03276591  0.00200562 ... -0.0272233   0.00727561 -0.03195501
0.0131824  -0.02659133  0.01292563 ... -0.02510099  0.00712654 -0.02244877
1.9696397e-03 -4.1629355e-02  6.4823667e-05 ... -7.0566400e-03  6.7398702e-03 -1.9998113e-02
0.00605633 -0.02317659  0.00538356 ... -0.01462653 -0.01179158 -0.02879541
-0.00088468 -0.01181684 -0.00074611 ... -0.03152699  0.0031514  -0.03281339
0.00988943 -0.03383259 -0.00487121 ... -0.01063982  0.00413067 -0.02154301
0.00451408 -0.00958414 -0.00262185 ... -0.02761088  0.00962065 -0.02934709
-0.01213185 -0.04292209  0.00518813 ... -0.0237962  -0.00019417 -0.02824309
-0.00588877 -0.01730414  0.00560794 ... -0.02778694  0.00497457 -0.02582174
-0.02255453 -0.02502108 -0.00935054 ... -0.04139358 -0.00285821 -0.01887733
-0.00655054 -0.02503915  0.00065777 ... -0.00092439 -0.00374507 -0.02324399
0.00086162 -0.03024094  0.00818317 ... -0.02356601  0.01501959 -0.01358561
-0.01163617 -0.04315397  0.01762747 ... -0.0049682   0.01464331 -0.02963134
-0.00307749 -0.03044868 -0.00292447 ... -0.01713711  0.0079605  -0.02874573
-0.01015614 -0.0499124   0.01068227 ... -0.01581532  0.01939675 -0.01178727
-0.01398478 -0.03714907 -0.00371009 ... -0.02578308  0.02694448 -0.03081243
-0.00096432 -0.02858065  0.00957559 ... -0.01972072 -0.01508766 -0.02747602
-0.00471711 -0.01207675 -0.00572181 ... -0.01936878  0.00269842 -0.01810118
-0.00731191 -0.03522298  0.01305653 ... -0.0100932   0.02432658 -0.03113172
0.00991238 -0.01254911 -0.02562615 ... -0.02555176  0.01231366 -0.02198478
0.0167135  -0.01578241  0.00747513 ... -0.04331964 -0.00334424 -0.00466483
0.00232133 -0.04054436 -0.00376787 ... -0.02761032  0.01551785 -0.02722101
-4.8063151e-03 -3.2304883e-02  3.5775975e-05 ...  1.8878864e-02  6.8490282e-03 -2.3550257e-02
-0.03160867 -0.01688487 -0.01377246 ... -0.03264701  0.02350249 -0.0099625
-0.0015017  -0.01569181  0.00844939 ... -0.02842112  0.00081626 -0.02312054
-0.01228223 -0.03757614 -0.01646435 ... -0.04140368  0.00285377 -0.02040443
0.00275664 -0.02353095 -0.00408425 ... -0.00449956  0.01217255 -0.01103921
-0.00499928 -0.02207426 -0.01497402 ... -0.03460734 -0.00208036 -0.01109674
0.00855175 -0.02459778  0.01246937 ... -0.00876828  0.00375361 -0.02957095
0.00220595 -0.00783176  0.00257305 ... -0.0221309   0.00712818 -0.00826642
0.00426716 -0.02735292 -0.00478827 ... -0.04534236  0.00531182 -0.02994986
-0.01130947 -0.02408077 -0.00249354 ... -0.00952516  0.01603183 -0.01783701
-0.02065526 -0.01819418 -0.00108544 ... -0.02726256 -0.01090053 -0.01716378
-0.01139008 -0.02346759 -0.01797942 ... -0.02757598  0.00549917 -0.01298324
0.00288728 -0.01539362 -0.00489831 ... -0.03124837  0.00902899 -0.0295875
-0.01540328 -0.0269179  -0.00730073 ... -0.02811051  0.01134469 -0.00785547
-0.01830395 -0.03071779 -0.00957464 ... -0.03671166  0.02333679 -0.01252502
-0.02206388 -0.03306004 -0.01347918 ... -0.02221672 -0.00083846 -0.01424544
-0.00065411 -0.03816292  0.00199895 ... -0.01925091 -0.00806265 -0.02683221
-0.01127916 -0.0154887  -0.00392115 ... -0.0293048   0.00153106 -0.04764416
-0.01560403 -0.02835057 -0.01663251 ... -0.03468522  0.02872329 -0.01641291
0.00246138 -0.02498111  0.00218672 ... -0.02232102 -0.00056439 -0.01890185
-0.015471   -0.03041666 -0.00489728 ... -0.0404047   0.0108848  -0.02329469
-0.01162025 -0.03860256 -0.01059386 ... -0.03422986  0.0130443  -0.03307137
-0.03275377 -0.01912219  0.00227085 ... -0.01904234 -0.02518603 -0.00508769
-0.02274446 -0.01583461 -0.01290226 ... -0.02823694 -0.01495362 -0.00098567
-0.01547158 -0.03433892 -0.01252295 ... -0.0356071  -0.00721688 -0.02156981
-0.00996174 -0.02074304 -0.00644301 ... -0.02341709  0.01412655 -0.02738345
-0.00988884 -0.03742321 -0.00782211 ... -0.02051518  0.02100359 -0.02286927
-0.00397151 -0.00184171 -0.00937108 ... -0.02095742  0.01683304 -0.02324577
-0.01447569 -0.03490048  0.00221901 ... -0.01530195  0.01406777 -0.02095929
-0.0097697  -0.0207406   0.00631726 ... -0.01661338  0.00550425 -0.02884866
0.01521216 -0.01894053  0.00650655 ... -0.02456982 -0.00255388 -0.03290015
0.00017573 -0.02930669  0.01649886 ... -0.02578718  0.01381642 -0.03333261
-0.00842429 -0.02879703 -0.01584627 ... -0.03448392  0.00659027 -0.02973431
-0.01282421 -0.02915549 -0.00639032 ... -0.01522816  0.00591728 -0.03507411
0.00399501 -0.03334866 -0.00028858 ... -0.01872596  0.01314252 -0.02787078
-4.3324973e-03 -1.6553767e-02  4.0378050e-05 ... -2.3700753e-02 -1.0400700e-03 -2.4977788e-02
-0.02866706 -0.01758942  0.00862451 ... -0.01393171 -0.00392451 -0.03204931
-0.00207243 -0.02143463  0.00649527 ... -0.00594143  0.01929738 -0.02943386
0.00911599 -0.01461292  0.00250547 ... -0.03177005  0.00978353 -0.0163757
-0.02436491 -0.02326107 -0.01118336 ... -0.00633235 -0.01232967 -0.00600151
-0.00404745 -0.02521853 -0.01297753 ... -0.01774051  0.00370419 -0.03457358
-0.00940014 -0.02369299 -0.0157723  ... -0.00947227  0.0012851  -0.03871097
0.00171843 -0.03364412 -0.01697862 ... -0.02901502  0.02282969 -0.03224565
-0.01049483 -0.03546027 -0.01458197 ... -0.02927488  0.01888586 -0.03716453
-0.00677099 -0.02954706 -0.00976634 ... -0.01776547  0.01266651 -0.03287118
-0.0089377  -0.02927203 -0.01281652 ... -0.00826086 -0.00185096 -0.02897274
-9.2838563e-05 -3.1318020e-02  5.3369650e-04 ... -2.1544902e-02  1.5178674e-02 -3.5534710e-02
-0.01361495 -0.03233128 -0.02646914 ... -0.02977024  0.03289997 -0.04256976
-0.01675748 -0.03461545 -0.01726269 ... -0.02709105  0.01991691 -0.02736249
-0.00421901 -0.02855739 -0.00176068 ... -0.01975543  0.02673423 -0.02747012
-0.01981436 -0.0336391   0.00947038 ... -0.02881039  0.00659449 -0.02528267
0.01283152 -0.01372709 -0.00418572 ... -0.03133985  0.00322365 -0.03143695
-0.00137815 -0.01816639 -0.01219377 ... -0.01763895  0.001093   -0.0205367
0.00154763 -0.02661025  0.00394244 ... -0.01431675  0.00320495 -0.03227355
-0.0046919  -0.02016724  0.00323308 ... -0.03059729 -0.00688362 -0.02622288
-0.00092478 -0.02963425 -0.00839126 ... -0.01046969  0.01790722 -0.01866901
0.00798543 -0.04875968 -0.00962498 ... -0.02080688  0.01262089 -0.01090581
-0.00406283 -0.03998968 -0.00480812 ... -0.01185387  0.00163221 -0.02638373
-0.00042534 -0.01424165 -0.01956951 ... -0.01335735  0.00927162 -0.02398259
-0.0073704  -0.02840009 -0.01115185 ... -0.02391797  0.01523288 -0.01589844
0.00124401 -0.02535231  0.00647712 ... -0.02217006  0.0114014  -0.0234081
-0.00704589 -0.03427547  0.00161515 ... -0.0287987   0.00292589 -0.02810845
0.00034886 -0.0340309   0.00794088 ... -0.01183039  0.0065116  -0.00289878
0.00645505 -0.02123291  0.00238335 ... -0.02325029  0.00973005 -0.02445273
0.00362356 -0.01179869 -0.01666845 ... -0.01499039 -0.01332165 -0.01142859
-0.02376739 -0.0150716   0.00581127 ... -0.00719897 -0.01045493 -0.0259521
0.00877518 -0.01695859 -0.02555497 ... -0.01150237 -0.00273526 -0.04204045
1.5414775e-05 -1.3610819e-02  1.3618414e-02 ... -4.2856224e-03 -1.0079778e-02 -2.7286112e-02
0.00472737 -0.02223676 -0.0004461  ... -0.03068779 -0.00061715 -0.02083754
0.02403817 -0.00923154  0.00066216 ... -0.02836499  0.00692951 -0.02792263
0.00163233 -0.03061252 -0.0057742  ... -0.02571461  0.01654356 -0.02816598
0.00794031 -0.02625454  0.0061685  ... -0.01408217  0.01329719 -0.0136379
-0.00243893 -0.02109467  0.00610716 ... -0.0262896  -0.00413431 -0.01719517
0.00766263 -0.04602474 -0.00126826 ... -0.00487782 -0.0110177  -0.03734493
0.01000139 -0.04564702  0.00067193 ... -0.00493956 -0.00390124 -0.02349341
-0.00751374 -0.03361465 -0.01228236 ... -0.00913803  0.0143383  -0.0248026
-0.00623276 -0.03358068 -0.00426598 ... -0.00832268  0.01514561 -0.01598478
0.01347471 -0.03291974 -0.00215677 ... -0.03205349 -0.00037751 -0.01358258
0.00258758 -0.01462618 -0.01371501 ... -0.03473425  0.01651114 -0.030355
0.01242842 -0.03404445 -0.00434177 ... -0.02650258 -0.00274082 -0.01380926
0.00867261 -0.02453322 -0.00988525 ... -0.00363991 -0.0038721  -0.02104731
0.0020307  -0.017978    0.00562238 ...  0.003319   -0.00320665 -0.01292783
-0.00705801 -0.01816077 -0.00814378 ...  0.01234544 -0.02105293 -0.01601546
0.02886808 -0.02129183 -0.02912391 ... -0.03197957 -0.01210968 -0.02501913
0.01569404 -0.02406653 -0.03055004 ... -0.01211415  0.00090147 -0.02467016
-0.00282914 -0.02279083 -0.00488434 ... -0.00734745  0.00191361 -0.02049354
0.0110761  -0.02597451 -0.01261865 ...  0.00731109 -0.00691211 -0.02355432
0.00024772 -0.03852218  0.00255481 ... -0.0081215   0.01562373 -0.03850891
0.01222896 -0.01799061 -0.00564113 ... -0.01351034 -0.01741706 -0.02705392
0.00813399 -0.03017222 -0.02087937 ... -0.02017867  0.0152511  -0.04120408
-0.00473297 -0.04077441 -0.01598594 ... -0.01743764  0.02117974 -0.02170599
0.00327096 -0.03850138 -0.01006635 ... -0.00755335  0.01158481 -0.03258919
-0.00182257 -0.02253779  0.0026637  ... -0.02606581 -0.00737526 -0.03581055
0.00408107 -0.03077416 -0.0113886  ... -0.01145345  0.01727392 -0.02768873
4.2027885e-05 -2.5680078e-02  1.0008836e-03 ... -6.5511437e-03  4.9514743e-04 -2.0692013e-02
0.00589807 -0.03121318 -0.0068774  ... -0.00984156  0.01553251 -0.01933378
-0.00032514 -0.04638438 -0.00830892 ... -0.01623891  0.00375951 -0.02888691
-0.01043359 -0.01423962 -0.01115015 ... -0.00943432  0.00755926 -0.01946818
0.00129482 -0.02420304 -0.00484932 ... -0.01504893 -0.00321084 -0.03186877
0.01606922 -0.03059948  0.01900118 ... -0.0321683   0.00922226 -0.0298268
0.00901982 -0.02637328  0.02076167 ...  0.00642714  0.00913495 -0.01959334
0.00980593  0.00588919  0.01156362 ... -0.01855186 -0.00774994 -0.01789461
-0.00347081 -0.02937353  0.00976675 ... -0.00133893 -0.00799302 -0.03002681
0.01651252 -0.00667383  0.00674083 ... -0.02601549  0.00945417 -0.00695798
0.01052035 -0.02051293 -0.00293371 ... -0.00252552 -0.0013897  -0.01602754
-0.00472215 -0.03732114  0.00037029 ... -0.01787522  0.0039947  -0.01553159
6.5274616e-03 -2.4535764e-02 -2.7550238e-06 ... -2.2431655e-02 -6.6739898e-03 -4.0240884e-02
0.00431447 -0.03259365  0.00472399 ... -0.02864032 -0.00902343 -0.02482579
0.01179427 -0.02282644  0.01039039 ... -0.02117578  0.00717039 -0.02557905
0.00614052 -0.0050319   0.0113718  ... -0.02675893 -0.01110834 -0.02883822
0.00361078 -0.03940434  0.01154269 ... -0.0347967  -0.00788771 -0.02713993
-0.01745158 -0.01533935 -0.00558028 ... -0.03861081 -0.00346323 -0.0124609
-0.0160794  -0.02551303  0.01037419 ... -0.00612595  0.0112072  -0.01798164
-0.02127959 -0.02328417  0.0147749  ... -0.0064686  -0.01972779 -0.01667311
-0.00048191 -0.02213319 -0.00735375 ... -0.01442913 -0.02057463 -0.03816754
0.00180608 -0.01751301  0.00512634 ...  0.01111518  0.01120485 -0.03879374
0.01103575 -0.00536681  0.01707931 ... -0.01113728 -0.00124658 -0.01828021
-0.00487296 -0.02703405  0.00697505 ...  0.0130204  -0.00332304 -0.045324
-0.00555244 -0.01927465 -0.0121541  ... -0.00955002 -0.00859055 -0.02698868
0.00338423 -0.02893697  0.00485615 ...  0.0081153   0.00049143 -0.03543901
-0.00148128 -0.03089009 -0.00591095 ... -0.00479319 -0.00408144 -0.0359295
-0.00340007 -0.01482128  0.01458559 ... -0.03139983 -0.00870571 -0.02605462
0.00382997 -0.03027607  0.0004512  ... -0.00474507 -0.01128772 -0.03389098
0.00078511 -0.01617901 -0.00624656 ... -0.02775946  0.00457357 -0.0348497
-0.00516142 -0.02707338  0.00140392 ... -0.01605932 -0.0098225  -0.03692695
-0.01609307 -0.02972925 -0.00414885 ... -0.01138554  0.00703146 -0.0289938
-0.00915929 -0.02833999  0.00360704 ... -0.00678886  0.01076778 -0.02375338
-0.00702049 -0.03159443 -0.0078839  ... -0.00846083  0.01611024 -0.01750148
-0.00619027 -0.03063056 -0.00837958 ... -0.02216908  0.00229    -0.02332885
-0.00918362 -0.03070629 -0.0043747  ... -0.01264264 -0.00181723 -0.01150292
-0.00512265 -0.02350206  0.02027939 ... -0.02934283 -0.00863002 -0.01529445
-0.00191292 -0.03089258  0.00289553 ... -0.01392164 -0.00399914 -0.0344822
0.00600039 -0.01589907 -0.00450773 ... -0.02424959 -0.02369487 -0.02386609
-0.01274974 -0.02771208 -0.0045643  ... -0.02386917  0.01019275 -0.03905984
-0.01839717 -0.01839251 -0.01270079 ... -0.01438904 -0.0058998  -0.02811184
-0.0181566  -0.0245337  -0.00145434 ... -0.043252   -0.00039173 -0.01804147
-0.01028738 -0.02248904 -0.00995413 ... -0.02771309  0.00082092 -0.01934138
-0.0227831  -0.02926911 -0.01093106 ... -0.01607816  0.00541606 -0.0259359
0.00457363 -0.02483994 -0.00347732 ... -0.02265185  0.00371192 -0.03056494
0.00226631 -0.02178237 -0.00092409 ... -0.01729273 -0.0032323  -0.03808512
-0.00759009 -0.02538754  0.00478582 ... -0.01127704  0.00636843 -0.03621517
0.00510324 -0.0372187  -0.00748371 ... -0.0213293   0.00754814 -0.0337183
0.01002105 -0.02470334 -0.00530477 ... -0.04236697 -0.00014465 -0.0238085
-0.00834455 -0.033908    0.0017317  ... -0.02243701  0.00027416 -0.01429507
-0.00068208 -0.00889869  0.02262053 ... -0.03231504 -0.0066276  -0.0164148
-0.01077177 -0.02116569  0.00866478 ... -0.01042324  0.01266196 -0.01418792
-0.02392313 -0.02646733 -0.0158101  ... -0.00431066  0.00532994 -0.02588585
-0.01568782 -0.02382727  0.00621558 ... -0.00398094  0.01992267 -0.02754363
