-0.02396373  0.01602475 -0.01293746 ... -0.02217566 -0.00205017  0.00454386
-0.00847768  0.03173135  0.00024799 ... -0.01703826 -0.01825981 -0.02104876
-0.00702198  0.00783987  0.00825531 ... -0.0381812  -0.00466189 -0.01946948
-0.00711355 -0.04704796  0.0038383  ...  0.00139843  0.01277377 -0.02277705
-0.0239616  -0.01738758  0.00530576 ... -0.0019095   0.00848161 -0.02980189
-0.01617186 -0.02229859  0.01887889 ... -0.01550432 -0.01232334 -0.0258744
-0.00157093 -0.02023305  0.01266481 ... -0.00342025  0.03497838 -0.03600067
-4.5033027e-03 -2.7586941e-02 -3.3646687e-05 ... -3.2165110e-02  1.0024706e-02 -1.5841484e-02
9.4551062e-05 -1.2625275e-02  2.5072217e-03 ... -1.6013043e-02 -7.6316707e-03 -1.8416362e-02
0.00047516 -0.02760448 -0.00700945 ... -0.00230067 -0.00803693 -0.02333141
-0.00177284 -0.03080745 -0.00404001 ... -0.0276737   0.00609475 -0.01914884
-0.01065241 -0.03079425  0.00857962 ... -0.0283408   0.01570362 -0.01651828
-0.02300713 -0.00781292 -0.02134817 ... -0.03581249 -0.00783565 -0.0236948
-0.02304135  0.00212947  0.01117916 ... -0.04455587 -0.00630866  0.00505608
-0.01451041 -0.02650089 -0.00437515 ... -0.04229223 -0.00034103 -0.02509618
0.01270328 -0.03071173  0.0078407  ... -0.01586916 -0.00780332 -0.03182744
-0.00739186 -0.00741541  0.01828309 ... -0.01517951  0.00525715 -0.02633907
-0.00592971 -0.01218155 -0.00222794 ... -0.00912734  0.02003881 -0.02209412
0.00149782 -0.01407023  0.00138136 ... -0.02376457 -0.00971896 -0.01876397
0.0089558  -0.01686136  0.00271101 ... -0.02980921 -0.00789232 -0.03090592
0.03433077 -0.03317099 -0.0046053  ... -0.02748501  0.00449259 -0.01365647
-0.00190476 -0.02020726 -0.00495166 ... -0.02082571  0.00294727 -0.02843441
-0.02079739 -0.01556121  0.01789464 ... -0.01833002  0.00782457 -0.01040153
-0.0134007  -0.03795566  0.01744064 ...  0.00062095 -0.00082126 -0.0204693
0.00313947 -0.01633881 -0.01885345 ... -0.02858473 -0.01964572 -0.03725542
-0.00754156 -0.02424216 -0.01926809 ...  0.00049363 -0.00454518 -0.0165292
-0.0001345  -0.02848659  0.01607542 ... -0.01116283  0.00763157 -0.02352782
0.00245176 -0.01701034 -0.02666559 ... -0.02462975  0.0189202  -0.0329057
-0.014623   -0.01886639 -0.02043652 ... -0.02437569  0.0031722  -0.02869565
-0.01695857 -0.02992931  0.0005013  ... -0.0291331   0.00491867 -0.0236858
-0.00935596 -0.03222338 -0.01314651 ... -0.02914393  0.00642878 -0.02376948
-0.00379354 -0.01384281 -0.01614527 ... -0.02846204  0.00033766 -0.03640098
0.00155769 -0.03398953 -0.01301927 ... -0.0318969   0.0071999  -0.00901885
-0.02200348 -0.02639659 -0.01938114 ... -0.02191768  0.01219838 -0.01214998
-0.01474046 -0.0029003  -0.0085871  ...  0.00274332  0.00969134 -0.0263584
0.00231286 -0.01269861 -0.02063934 ... -0.0071744  -0.01106239 -0.04074653
-0.00779862 -0.01254449 -0.0088497  ... -0.00556856 -0.02924464 -0.02410081
-0.00099869 -0.03609416 -0.02348377 ... -0.02180154  0.00783324 -0.03226194
-0.0110652  -0.02960864 -0.00147949 ... -0.02156626  0.01993708 -0.03024712
-0.00677079 -0.02681218  0.01769099 ... -0.01070197  0.01831224 -0.0318522
0.01179271 -0.0171053   0.01568401 ... -0.03885284  0.00390839  0.00872956
0.00728415 -0.02154425  0.00354687 ... -0.02312769  0.0139582  -0.00421352
-0.0056489  -0.03065632 -0.01962292 ... -0.03491877  0.0155309  -0.01292871
0.00055422 -0.01157635 -0.00636643 ... -0.02126944 -0.01812376  0.00171774
-0.0145188  -0.0220336  -0.00868082 ... -0.01893134 -0.02022247 -0.01966948
-0.01543368 -0.02625719  0.00127944 ... -0.01766201  0.00063522 -0.03228939
-0.00875333 -0.01356305 -0.00201151 ... -0.04830209  0.00405553 -0.02139576
-0.00449823 -0.02475849 -0.01235732 ... -0.02010026  0.0009435  -0.01343062
-0.00106369 -0.0210268  -0.01673621 ... -0.03799085  0.02049681 -0.00351995
-0.01899653  0.01063259 -0.01002091 ... -0.02104738 -0.03184473 -0.01699095
-0.01424776 -0.03535992 -0.01377481 ... -0.00426218  0.00177589 -0.00792101
-0.01357725 -0.01747492 -0.01554738 ... -0.00964879 -0.00131533 -0.01192408
-0.0134347  -0.01116013 -0.02647442 ... -0.02199927  0.01231689  0.000509
-0.00418842 -0.03755477  0.02039595 ... -0.02897532 -0.00781053 -0.01307709
-0.00443331 -0.01811921 -0.00225985 ... -0.01613623  0.00889795 -0.02787607
-0.01309442 -0.02637647 -0.00890234 ... -0.0286066   0.02598567 -0.02513165
-0.00441675 -0.01955535 -0.01779856 ... -0.0330731   0.02015099 -0.01734713
-0.0107349  -0.01574467 -0.00476178 ... -0.01957054  0.00114723 -0.01611102
-0.0018425  -0.0266034  -0.01000419 ...  0.00048842  0.011298   -0.00351932
0.00219544 -0.02726707  0.0023293  ... -0.01824985  0.01198339 -0.02183447
0.02350783 -0.02121972 -0.00970645 ... -0.03242495 -0.00467925 -0.02383733
7.4952353e-05 -6.2657432e-03 -5.3262138e-03 ...  4.4210558e-04  1.2499358e-02  7.0153154e-03
-0.01311165 -0.00769053 -0.01578932 ... -0.01707359  0.02263329  0.01003342
0.00239294 -0.0151912  -0.01311048 ... -0.03178933  0.02952342 -0.00225104
-0.0057927  -0.02140168 -0.01098945 ... -0.00711648  0.03032157 -0.00903021
0.00258512  0.00546211 -0.01460791 ... -0.02947013  0.00320705 -0.01287781
-0.00592833 -0.01877879 -0.00887945 ... -0.04053386  0.02072488  0.00659709
0.01112485  0.00466249 -0.01246821 ... -0.01530939 -0.01524977 -0.00855634
-0.00278443  0.00561548 -0.00145439 ... -0.04968176 -0.00289737 -0.00773558
-0.00200075 -0.02055907 -0.01085983 ... -0.03497062  0.01015893 -0.00097668
0.00428184  0.00231705 -0.01878795 ... -0.0159967   0.02940663 -0.0070424
0.00967744 -0.02264014 -0.00277596 ... -0.00848059  0.020105    0.00583614
0.01231307  0.00184945  0.01384766 ... -0.02216484  0.00456852 -0.00311753
-2.3886097e-04 -1.4198017e-02 -7.7543310e-03 ...  4.5857137e-06  1.3427510e-02 -1.0610590e-02
-0.00409929 -0.01907053 -0.00259629 ... -0.02102254  0.03276083 -0.02182034
0.00716402 -0.00761634  0.00063401 ... -0.00798641  0.01242013  0.00557266
-0.02701958 -0.02471808 -0.02916182 ... -0.02541145  0.01326549 -0.00194854
-0.00284029 -0.00643918 -0.02530411 ... -0.02095482 -0.01555823 -0.02148108
-0.01797667 -0.0284293  -0.01978282 ... -0.01243345  0.01257295 -0.00591606
0.01191128 -0.00154323 -0.01405339 ... -0.03649131 -0.01466487 -0.00317611
0.02587666 -0.01196262 -0.0002031  ... -0.03182081  0.02352097 -0.00215248
0.0044276   0.00377671 -0.01603445 ... -0.03147526  0.012026   -0.00532713
-0.0002859  -0.0025771   0.0077134  ... -0.03249238 -0.0161813  -0.02707048
-0.00351711 -0.0097521  -0.00655502 ... -0.04623077  0.0195652  -0.02634595
0.00088629 -0.01447477 -0.01736344 ... -0.04045312 -0.01432879 -0.01855101
-0.00710819 -0.00908585 -0.02210974 ... -0.0253358   0.00270257 -0.00282023
-0.0146706  -0.00587292  0.01513378 ... -0.01992427 -0.00558479 -0.00502996
0.018561   -0.04273167 -0.01520833 ... -0.02933327 -0.00826007 -0.00106943
-0.00687035 -0.01367174 -0.02289776 ... -0.03805979 -0.00999684 -0.00617632
0.00794661 -0.03327299 -0.0016478  ... -0.0266078   0.00882266 -0.01054658
-0.02545054 -0.0188252  -0.00416559 ... -0.01850548 -0.00066078 -0.01193171
0.02707778 -0.00885049 -0.01474913 ... -0.03316071  0.02704579 -0.01405602
-0.0154462  -0.01506487 -0.01652446 ... -0.00253331  0.02713001 -0.01926614
0.01511617 -0.02371662 -0.01051489 ... -0.0350572   0.01099168 -0.00992099
0.00986023 -0.03877278 -0.00229747 ... -0.01706464 -0.0012721  -0.02773361
-0.01182959 -0.03623466 -0.01088417 ... -0.04754542  0.01002726 -0.02749656
0.00997408 -0.0239799  -0.011957   ... -0.017047    0.02472641 -0.02828264
-0.0208949  -0.00492922 -0.00319053 ... -0.00892717 -0.01379512 -0.03648862
-0.03153229 -0.03193874 -0.00454485 ... -0.02536105  0.00403913 -0.01833156
-0.00397733 -0.01811538 -0.00600166 ... -0.04000607 -0.0120629   0.00645897
-0.00694097 -0.01934107  0.00976508 ... -0.01505471  0.00157149 -0.01476818
0.00142547 -0.02570783  0.01477742 ... -0.00969223  0.02042429 -0.03820152
0.00545815  0.00036982 -0.0090777  ... -0.0242057   0.02691573 -0.01509104
0.00804051 -0.0094328  -0.0090887  ... -0.03427846  0.02186142  0.00809551
-0.01052542  0.02125505  0.01507469 ... -0.00673099  0.00369717 -0.0084975
0.00430371 -0.02926065 -0.0011951  ... -0.03696657  0.01538092 -0.02147104
-0.00927924  0.00205733 -0.00915216 ... -0.02225959  0.03809475 -0.00349001
-0.02397094 -0.01035509  0.00789005 ... -0.01594817 -0.00854858 -0.02027503
-0.0045047  -0.01490149 -0.01650448 ... -0.00300629 -0.00353701 -0.003469
0.02485616 -0.00822608 -0.00368972 ... -0.02555256  0.00614334 -0.01050715
0.01219016 -0.02370233 -0.01708357 ... -0.02240246  0.00144576 -0.01319837
0.00130126 -0.011108   -0.02969847 ... -0.03265236  0.00087707 -0.03170776
-0.00130437  0.00633465 -0.00586854 ... -0.0308979   0.01770248 -0.01820992
-0.01342437 -0.01784111 -0.01577259 ... -0.00815572  0.01976291 -0.00216705
-0.00301414 -0.01539062 -0.00635928 ... -0.01381877 -0.00676033 -0.02466531
-0.00314155 -0.01088474 -0.00835167 ... -0.02616652  0.02305303 -0.02571609
-0.01980988 -0.03585694 -0.02013665 ... -0.03366131  0.01632156 -0.01529688
-0.01594333 -0.0090569   0.0003364  ... -0.02182747  0.01437282 -0.0281771
0.0082525  -0.0265895  -0.01917477 ... -0.03267731  0.00759902 -0.02882323
-0.01459339 -0.03441238 -0.00132465 ... -0.01526912  0.01226175 -0.02680638
0.0127733  -0.01972551  0.00632186 ... -0.03701847  0.02292586 -0.02427369
0.00214092 -0.0191007  -0.00648951 ... -0.01954227  0.02612443 -0.02801832
0.02505941 -0.01965511  0.01012566 ... -0.03217877  0.00242726 -0.03224161
-0.01381662 -0.01419929 -0.01730421 ... -0.01735407  0.01317227 -0.02105158
0.00276831  0.00194694  0.00473828 ... -0.03425344  0.00121523 -0.00783991
0.03076718 -0.00593317  0.00013447 ... -0.02260419  0.01176331 -0.03248324
-0.02900355 -0.00443573 -0.01639435 ... -0.01187845  0.01711684 -0.01757421
-0.0203636  -0.02545012 -0.00734908 ... -0.00848402 -0.01790031 -0.03927709
-0.00756877 -0.01575567  0.00202515 ... -0.02532231 -0.00135336 -0.02604431
0.01299961 -0.01185141  0.00576717 ... -0.02441937  0.00473422 -0.01637489
-0.00266887 -0.01235155 -0.00303183 ...  0.00051493  0.00511453 -0.02673434
-0.01781549 -0.00456527 -0.01170189 ... -0.0106346   0.00568996 -0.00822818
-0.01109588 -0.01939418  0.00715459 ... -0.0177625   0.01529094 -0.03019655
0.00899639 -0.02118365 -0.00518959 ... -0.02566132  0.00734671 -0.00524199
-0.00044135  0.01067941 -0.00335924 ... -0.01074431 -0.00355483 -0.02405806
0.00974027 -0.01516577  0.00099285 ... -0.02228841 -0.00265688 -0.01873152
0.01477115 -0.01597955 -0.01026689 ... -0.0167477  -0.00651501 -0.00863871
0.00013896 -0.02253526 -0.02032935 ... -0.04251197  0.02389849 -0.01486048
-0.00856159 -0.01389635  0.01382497 ... -0.01513273  0.00517696 -0.01552148
0.00298823 -0.02600598  0.0030827  ... -0.00832281  0.01984603 -0.00661464
-0.00807907  0.00201923 -0.00186575 ... -0.03235827 -0.01696556  0.00270571
-0.00945075 -0.0327317  -0.00387578 ... -0.01712123  0.02149154 -0.01550331
-0.02650578 -0.02428353  0.00947522 ... -0.00628383 -0.02132789 -0.0279165
-0.01558722 -0.00633769  0.0111164  ... -0.01752675 -0.02615149 -0.01085877
-0.01926378  0.00269046  0.02140394 ... -0.0336349  -0.02526823 -0.01095026
-0.03114073 -0.00375537 -0.00710292 ... -0.01772368 -0.02607713 -0.01441688
-0.01793573 -0.00843539 -0.00320454 ... -0.03924454 -0.02892245 -0.03273218
0.01408402 -0.03485534 -0.00563621 ... -0.03597443 -0.00014597 -0.03527775
0.00117576 -0.01819648 -0.01147778 ... -0.02305974  0.010014   -0.02456301
-0.00077431 -0.02872728 -0.02278716 ... -0.03867216 -0.00736969 -0.01134728
-0.0073573  -0.00982093 -0.00710471 ... -0.02325602  0.00626699 -0.00093085
-0.00567821  0.01157646  0.00231698 ... -0.02065416 -0.01415588 -0.01039652
-0.00403522  0.00484788  0.00447776 ... -0.01650931 -0.0326795  -0.01525857
-0.00198652 -0.00581529 -0.01107753 ... -0.02329672  0.00324217 -0.01479277
0.00153201 -0.03355935  0.00852352 ... -0.00076933  0.00436828 -0.02753167
0.0018147  -0.03422407 -0.0056448  ... -0.00444399  0.00321382 -0.02114754
0.01815711 -0.02190214 -0.01075963 ... -0.01632899 -0.00199289 -0.02657995
-0.00724212 -0.03635335 -0.02742632 ... -0.0229458  -0.00067142 -0.03427164
-0.00035946 -0.0166522   0.00316994 ... -0.00823836 -0.00953172 -0.02154283
-0.00447562 -0.02232531 -0.02223001 ... -0.01602207 -0.0089169  -0.02469739
-0.02315656 -0.00391252 -0.02849362 ... -0.01123912 -0.01926151 -0.0103833
-0.01852045 -0.00641608  0.01242068 ... -0.0298998  -0.01197067  0.0097557
-0.02440716 -0.00988911 -0.03508645 ...  0.00134772 -0.00408753  0.01439039
-0.00303263 -0.03865529  0.01591367 ...  0.01173605 -0.00903478 -0.00871795
0.0030087  -0.02309382  0.0135207  ... -0.01057393 -0.01986409 -0.01334914
-0.00556971 -0.01712439 -0.01606714 ... -0.00812264 -0.01175294 -0.01933248
0.00330398 -0.02193842 -0.01491034 ... -0.02480783  0.01380619 -0.02700255
-0.01786707 -0.0046052   0.0172089  ... -0.01044025  0.00246089 -0.0053764
0.00430749  0.00300046 -0.00462154 ... -0.02829668  0.00646157 -0.03296185
-0.00749524 -0.03799945 -0.0069767  ... -0.01822624  0.01068883 -0.01409754
0.00157864 -0.01608961 -0.0081638  ... -0.02180757 -0.00901525 -0.01875803
-0.01385506 -0.02920474  0.0019982  ... -0.01739605  0.00457581 -0.02673828
0.01152659 -0.01004753 -0.00557017 ... -0.02109862  0.00347067 -0.01354548
0.00396816 -0.04179716 -0.01152551 ... -0.01615691 -0.01002611 -0.03849442
-0.01317842 -0.00430131 -0.00038751 ... -0.02636709  0.00209866 -0.0283633
-0.01271976  0.00300963  0.00084486 ... -0.03021828  0.00815608 -0.00638982
-0.00012377 -0.01529114  0.00300701 ... -0.01785724  0.01079986 -0.04543526
0.00395758 -0.00813174  0.0152081  ... -0.03730087  0.01498155 -0.02932475
-0.00324478 -0.00623231  0.00215679 ... -0.03327905  0.00700304 -0.02178512
-0.0147845  -0.0111624  -0.00053668 ... -0.01340115  0.00953111 -0.01003342
-0.01315424 -0.00505623 -0.00192503 ... -0.04416588 -0.00638357 -0.00228741
0.00111888 -0.0132106  -0.00552737 ... -0.01374075  0.00014315 -0.01058456
-0.00071965 -0.03865855 -0.00308414 ... -0.01860454  0.00544828 -0.03316281
-0.01376079 -0.01971004 -0.00874085 ... -0.00823136 -0.01046658 -0.01928775
-0.0036285  -0.01821845 -0.01121687 ... -0.03654193  0.00763053 -0.0301867
-0.00780607 -0.02760546 -0.01898755 ... -0.01914378  0.00582165 -0.03009562
-0.00980316 -0.02062491 -0.00939461 ... -0.03082675  0.0206749  -0.00103457
-0.00177269 -0.02082335 -0.00293887 ... -0.02962032  0.01016855 -0.01627142
-0.00079396 -0.00584299 -0.00264969 ... -0.02939437  0.00020961 -0.02977211
-0.00174634 -0.02702311 -0.01000161 ... -0.01224792  0.00259827 -0.01196172
0.00638149 -0.00308134 -0.00500291 ... -0.02824149 -0.00730808 -0.02460899
-0.01713561 -0.02197735 -0.01853193 ... -0.02552259  0.01543406 -0.02090333
-0.02314378 -0.01254418  0.00291573 ... -0.00933923  0.00409768 -0.02538508
-0.02193553 -0.00650485 -0.01212108 ... -0.02232175  0.0282964  -0.02688949
-0.00609568 -0.0133141  -0.02532432 ... -0.02444872  0.0030665  -0.00777137
0.00380829 -0.01969345 -0.0007616  ... -0.02799307  0.01355047 -0.00949937
-2.9357763e-02 -2.0585217e-02  1.4111472e-05 ... -1.2075903e-02  2.4812168e-03 -3.6990359e-02
0.01498646 -0.0060246   0.00750327 ... -0.00415757 -0.03337887 -0.01593435
-0.00027438  0.00103763  0.00173651 ... -0.01362078 -0.01792437 -0.02518
0.00744773 -0.02517996 -0.0066444  ... -0.02222341  0.0173547  -0.01811183
-0.006988   -0.0163503  -0.02490735 ... -0.00875867  0.00414912  0.0081697
0.01088493 -0.0073835   0.00163511 ... -0.01862017 -0.0015856  -0.0264186
0.02169794 -0.02015625 -0.01595196 ... -0.03257646  0.0124784  -0.02840693
0.00915664 -0.02809711  0.00861685 ... -0.02327041  0.00498013 -0.03095129
0.01699654 -0.01179058 -0.01796588 ... -0.00932422  0.003513   -0.00778197
-0.01511068 -0.01037388 -0.00730261 ... -0.03057528  0.01878771 -0.03396083
0.01569735 -0.02999588  0.01613163 ... -0.02207999  0.00585169 -0.01989556
0.00994761 -0.02976732  0.01742293 ...  0.00980759  0.00675766 -0.0171973
0.00086141 -0.05025085  0.00591501 ... -0.01760467 -0.0311473  -0.02487842
0.0029344  -0.02484788  0.01121497 ... -0.02151766  0.0091775  -0.02201451
-0.01468687 -0.01968776  0.02282734 ... -0.03346267 -0.02375043 -0.02340914
-0.00205256  0.00048471  0.02520943 ... -0.02325631 -0.01161979 -0.02124723
0.00206879 -0.00841843 -0.00603947 ... -0.02582669  0.02157498 -0.03237747
0.00933502 -0.02226087 -0.0116569  ... -0.00228937 -0.00219997 -0.0272328
0.00465055 -0.01911149 -0.00810023 ... -0.01290494 -0.0060607  -0.01805842
-0.00325738 -0.01463819  0.02631484 ... -0.01085196  0.00971451 -0.01300791
7.7801459e-03 -4.0464580e-02 -2.8366517e-04 ... -1.1164132e-02  6.2735285e-07 -2.9802023e-02
-0.00464881 -0.01414998  0.0064668  ... -0.01101725  0.03425771 -0.00496257
-0.00602069 -0.02376743  0.00220411 ... -0.01243187  0.01449406 -0.0156654
8.8046363e-05  1.3433363e-03  8.1832670e-03 ... -3.5632137e-02 -2.1418280e-03 -2.5371196e-02
-0.00090326 -0.03593515 -0.00952615 ... -0.01432095 -0.00597574 -0.02936107
0.00643796 -0.0196576  -0.00075082 ... -0.02532022  0.00921652 -0.01734838
-0.00241494 -0.015079   -0.00549895 ... -0.0078748  -0.00579379 -0.02453239
-0.01788763 -0.0339738   0.00775902 ... -0.00168602  0.01791076 -0.01176568
-0.0155648  -0.02264162  0.01043081 ... -0.02289295 -0.00517006 -0.02568839
-0.0279463  -0.00839136 -0.00129158 ... -0.00393699  0.02409674 -0.01756957
-0.01518551 -0.01138693 -0.011568   ... -0.00307732 -0.00239629 -0.03181627
0.00054291 -0.00187144 -0.00011266 ... -0.02334063  0.01111769 -0.01475966
-0.02640349 -0.02790464  0.01569235 ... -0.00604673 -0.00673619 -0.0142861
-0.00682994 -0.0218036  -0.0139618  ... -0.01268281  0.0095097  -0.03467514
-0.00692411 -0.03548726  0.01704622 ... -0.00412324 -0.01768092 -0.02225221
-0.0119886  -0.02175676  0.00488896 ... -0.0158162  -0.01056571 -0.02487069
-0.00214461 -0.03057441  0.00618881 ... -0.00687518 -0.02580397 -0.01328236
-0.00675113 -0.01395809 -0.00402229 ... -0.03107485  0.00588876 -0.01510973
0.00856115 -0.02117264 -0.00138119 ... -0.02683499  0.00093353 -0.01686613
-0.01085621 -0.02200664  0.01045738 ... -0.01507068  0.01909636 -0.0229155
0.00881762 -0.00702943 -0.00362209 ... -0.01805934 -0.02060635 -0.01236472
0.00428864 -0.02680778 -0.00380153 ...  0.00328236 -0.0037559  -0.0111328
-0.00093916 -0.00191972 -0.01991321 ... -0.01750201  0.01003438 -0.01503857
-0.00738874 -0.02719202 -0.00257799 ... -0.01639559 -0.0184097  -0.00148169
0.00907613 -0.00396788 -0.00226855 ... -0.00239437 -0.02255215 -0.02218908
-0.03003666 -0.03372669 -0.00941828 ... -0.01720065 -0.00582046 -0.01830613
-0.00497978 -0.02063294  0.01623856 ...  0.00776124 -0.01077858 -0.0113311
0.02157712 -0.00018035 -0.00772394 ... -0.00311602 -0.01769561 -0.01945703
0.00653341 -0.01240708 -0.00018596 ... -0.02755446  0.00573461 -0.04370305
0.01712461 -0.02136853 -0.01066961 ... -0.01214609 -0.0071539  -0.00205673
0.02926525 -0.02389443 -0.0129021  ... -0.01736797  0.00298372 -0.01513316
-0.00873678 -0.02705454 -0.00106259 ... -0.01847246  0.01840594 -0.02330127
0.00713154 -0.0244226  -0.01219115 ... -0.01837675  0.006306   -0.02128741
-0.01303916 -0.01983431  0.00250242 ... -0.00746258  0.01851301 -0.00601783
0.0138371  -0.0264484  -0.00105451 ... -0.01508073  0.02215488 -0.01919914
0.0007629  -0.02962164 -0.01073879 ... -0.01194282  0.00614224 -0.03391579
0.01310879 -0.01486807 -0.01163286 ... -0.00132565  0.00292662 -0.0076955
-0.01111525 -0.02526334 -0.00117158 ... -0.0037235   0.00473862 -0.0160469
-0.01233194 -0.03272673  0.00182063 ... -0.00817503 -0.00672685 -0.03765821
-0.01491063 -0.02761934  0.0057397  ... -0.00440571 -0.00261358 -0.00436739
-0.0003451  -0.01164203  0.01801451 ... -0.03823554  0.00745232 -0.03982969
0.00771052 -0.01959202  0.0124488  ... -0.01918468 -0.0163207  -0.0260831
0.00960518 -0.03606699 -0.00116301 ... -0.0142443  -0.00949617 -0.02603885
0.00146383 -0.03159867 -0.00812    ... -0.02380749 -0.02114161 -0.02590279
-0.01560713 -0.0072798  -0.01566744 ... -0.02399259 -0.0227813  -0.03454276
-0.00010819 -0.02587742 -0.00970258 ... -0.02675628 -0.01079888 -0.01288759
0.01769979 -0.02015592 -0.00825483 ... -0.00065759  0.00112814 -0.03742867
-0.00135454 -0.00892771 -0.00947146 ... -0.03048261  0.00284738 -0.02286543
0.00727695  0.01144995 -0.00365281 ... -0.0129789   0.0083084  -0.02103122
-0.00691919 -0.01918487  0.00220382 ... -0.01605417 -0.01180463 -0.02865711
-0.0255809  -0.01684745  0.00376352 ... -0.01225762  0.00295302 -0.03125169
0.01502122 -0.0057633  -0.00127817 ... -0.01996993 -0.03235883 -0.01232517
-0.00332369 -0.00379998  0.00602415 ... -0.01315568 -0.02549196 -0.0152364
-0.01678652 -0.00710987  0.00878987 ... -0.01195148  0.00474018 -0.03226412
-0.01024377 -0.01244566  0.00917498 ... -0.02285323  0.00516584 -0.01155975
-0.01378235 -0.02323812  0.00186472 ... -0.00300714 -0.01667955 -0.00779494
-0.00019206 -0.01219565  0.02638819 ... -0.02955478 -0.00302515 -0.0266129
-0.00078899 -0.02731287 -0.00650866 ... -0.00509121  0.01717954 -0.01367634
0.00561292 -0.00487428  0.01680855 ... -0.02788639  0.00622632 -0.03151878
-0.00181575 -0.00730384 -0.00482128 ... -0.02294338 -0.0103514  -0.03041709
-0.00258503 -0.01446215 -0.01158303 ... -0.02546557  0.01094557 -0.02430268
0.0015237  -0.00907678 -0.00346258 ... -0.0251386  -0.00220679 -0.03654879
-0.00878648 -0.02650578 -0.01546617 ... -0.02115051 -0.00349122 -0.02397748
-0.01790573 -0.01417061 -0.00490164 ... -0.00065799  0.00728388 -0.02330056
-0.0089104  -0.00466936 -0.0060253  ... -0.01411093  0.00969146 -0.01439656
-0.01415116 -0.01275736 -0.00066534 ... -0.01776636 -0.00208983 -0.00649304
-0.01314621 -0.01655167  0.01195048 ... -0.01785492 -0.00179645 -0.01156047
-0.02607602 -0.02711548  0.00164538 ... -0.01397612 -0.01004775  0.00104636
0.00793542 -0.02996212 -0.01882295 ... -0.03540969 -0.00972103 -0.01031112
0.02154023 -0.00859786  0.02063317 ... -0.0131685   0.00551966 -0.04227086
-0.01197193 -0.01909167  0.00363837 ... -0.02314581 -0.01398887 -0.03033123
-0.0111864  -0.02305706 -0.00411692 ... -0.03102595 -0.008899   -0.02258763
-0.0039431  -0.01982817  0.00107908 ...  0.00315074 -0.0053784  -0.01801942
0.00197862 -0.02239616  0.00456795 ... -0.00138991 -0.00611837 -0.02180177
0.00411992 -0.01508643  0.00560532 ... -0.02445999  0.00518921 -0.02916135
-0.00019512 -0.02875775 -0.00282485 ... -0.00223104 -0.00258435 -0.02468245
0.02014673 -0.02583513  0.01107125 ...  0.0239188   0.00318043 -0.01244781
-0.00286881 -0.01960197 -0.00344201 ... -0.02064447 -0.00890487 -0.027248
-0.01535741 -0.01706925 -0.00043451 ... -0.02696243 -0.00720051 -0.03836498
0.0009117  -0.03533129 -0.00026397 ... -0.01457637  0.00639782 -0.02285027
-0.0054613  -0.04415141 -0.00352908 ... -0.02396734  0.01593699 -0.00924621
-0.00911801 -0.03534017 -0.00793738 ...  0.00143996 -0.00985092 -0.01826143
0.00188494 -0.02305184 -0.0068234  ... -0.01739674 -0.00310724 -0.02374031
0.01107659 -0.02998252  0.01022712 ... -0.02339961 -0.00435471 -0.01383226
-0.01037571 -0.00941481 -0.01269828 ... -0.006493   -0.00858522 -0.01175219
-0.00447216 -0.02027314 -0.01492439 ... -0.01616083 -0.0072707  -0.03523302
-0.00611546 -0.02943456 -0.01051334 ... -0.02109715  0.01978358 -0.02536982
0.0240759  -0.04780098  0.00566865 ... -0.0093449   0.01353403 -0.03581656
0.01691274 -0.03951189 -0.0092157  ... -0.00516217  0.01342703 -0.0241229
0.00227928 -0.02837206 -0.01407499 ... -0.01345925 -0.0083048  -0.02721731
-0.03011192 -0.01115623 -0.02342206 ... -0.01157296  0.00330488 -0.01992832
0.01834057 -0.01751719 -0.02801192 ... -0.03305308  0.01088966 -0.01800619
0.00648699 -0.02342418 -0.00637589 ... -0.00757022 -0.00740743 -0.01699349
0.00778926 -0.01711599 -0.01207403 ... -0.00201179 -0.0185572  -0.02336684
0.00385308 -0.0062459  -0.01349091 ... -0.00842991  0.01309375 -0.01292849
0.00581392 -0.01741146 -0.01282429 ... -0.00883303 -0.00437601 -0.0090449
-0.00837629 -0.01947831 -0.01087813 ... -0.01351316 -0.00539678 -0.02677009
0.00311639 -0.01425826  0.00058026 ... -0.00270815  0.00130168 -0.02894161
0.00371465 -0.01937257 -0.00608438 ... -0.00485165  0.00587609 -0.01978343
0.00346177 -0.00407743 -0.028331   ... -0.03799051  0.01168902 -0.00734071
-0.00484303 -0.00398343 -0.0057271  ... -0.02995439 -0.00584851 -0.01942896
-0.02947758 -0.01023833 -0.0110744  ... -0.00973999 -0.01087852 -0.01888814
0.00816022 -0.01008426 -0.01284477 ... -0.01956325 -0.03279715 -0.02864401
-0.005564   -0.00938652 -0.01135551 ... -0.02661504 -0.00467791 -0.02050086
-0.01149196 -0.00923965 -0.0204906  ... -0.0242223   0.01182082 -0.03285443
-0.00411895 -0.00967756 -0.03879507 ... -0.04813722  0.00134454 -0.008552
-0.02011438 -0.00785084 -0.00790784 ...  0.00789017 -0.00421485 -0.03652293
-0.01686345  0.00605649 -0.01641039 ... -0.01638243  0.01461073 -0.01355572
0.00663711 -0.007445    0.01575459 ... -0.03139795  0.01965292 -0.00917416
-0.00092737 -0.01868948  0.00338983 ... -0.03829949  0.02755788 -0.02206387
0.02101241  0.00042922  0.00043422 ... -0.0344062  -0.00452343  0.0047551
0.02017096 -0.00820419  0.00466842 ... -0.03671955 -0.00155918 -0.01039415
-0.00714316 -0.01893968 -0.01741577 ... -0.01184038  0.02196425 -0.00536409
0.01969432 -0.02018614  0.010503   ... -0.02280126  0.00530697 -0.01872214
-0.00074644 -0.01545218 -0.01966875 ... -0.0302072  -0.00931122 -0.0086802
0.01616355 -0.01264224 -0.00698936 ... -0.01996778  0.02861583 -0.00646379
0.0142094  -0.03575388 -0.00362476 ... -0.01378038 -0.00334188 -0.02448253
0.0098747  -0.02441427  0.00964981 ... -0.02570695  0.01284342  0.00313701
-0.00169853 -0.0319224   0.0094932  ... -0.02906309 -0.00014925 -0.01582365
-0.00180176 -0.00918198  0.0042415  ... -0.03874402 -0.00607457 -0.01560829
0.01278821 -0.00700318  0.00774251 ... -0.02876565  0.00779648 -0.01441699
0.00518115 -0.01577413  0.00019613 ... -0.03080415 -0.00304331 -0.00531302
0.00471236 -0.01037456 -0.01014856 ... -0.02776418  0.01055683 -0.00677021
0.00606851 -0.03534133 -0.00676151 ... -0.00073528  0.00682987 -0.03256442
-0.00203203 -0.0271103   0.00400368 ... -0.01561645  0.01517623 -0.01660841
-0.01791884 -0.03665586  0.0083265  ... -0.00449389  0.01192486 -0.02240475
0.00237095 -0.0293773  -0.0173943  ... -0.02915203  0.00039242 -0.03055748
0.01953196 -0.00164061 -0.01382666 ... -0.02100032  0.0162895  -0.00942529
-0.0020422  -0.02599471  0.01049958 ... -0.02539368 -0.00461047 -0.0136339
0.00532236 -0.03762271  0.00075766 ... -0.02280592  0.00239364 -0.00221594
0.01718193 -0.02028854  0.01704981 ... -0.00135277 -0.0023456  -0.02471532
0.0082482  -0.03121513  0.0053165  ... -0.01818912  0.00784945  0.00304054
0.00954864 -0.02187137 -0.01109293 ... -0.01927007 -0.00720818 -0.01977185
0.00689586 -0.02696696 -0.00378993 ... -0.0217966   0.03172812 -0.02330358
-0.00615673 -0.03672281 -0.00332079 ... -0.01699358  0.02824828 -0.0191838
0.00079394 -0.02591982  0.00798734 ... -0.03448242  0.00992521 -0.02014544
5.1927036e-05  6.3657537e-03 -2.2197628e-02 ... -1.0861901e-02 -2.1890022e-03 -1.8883755e-03
0.02638321 -0.01025043 -0.00740034 ... -0.02371349 -0.00505436 -0.02740883
0.00678685 -0.01377606 -0.00184519 ... -0.01387471 -0.00267313  0.01383304
0.01187085 -0.03160216 -0.01639749 ... -0.0073553  -0.02540865  0.00186747
0.01840813 -0.01006834 -0.03108823 ... -0.01738958 -0.00703557 -0.0007116
-0.00042248 -0.01350769  0.00447554 ... -0.0190594  -0.00652009 -0.00064554
-0.00247324 -0.02427572  0.00899994 ... -0.0296589   0.01318511 -0.01338374
0.02813988 -0.02313831  0.02882129 ... -0.02378606  0.0084798  -0.02778772
0.00944239 -0.0245613   0.00882286 ... -0.03790758  0.00639131 -0.02131982
0.00427661 -0.02380736  0.01185903 ... -0.01906448  0.01550195 -0.02248825
0.00622612 -0.00992136 -0.02497523 ...  0.00830369  0.00109614 -0.00481363
-0.00232017 -0.02582578 -0.00984195 ... -0.02922584  0.01810628 -0.01153852
0.01802512 -0.02104597 -0.00157089 ... -0.03791586 -0.00666625 -0.01612395
-0.00841508 -0.01553526 -0.00049924 ... -0.02489958  0.00874541 -0.01568908
0.0163022  -0.01049683 -0.01961764 ... -0.04773489  0.01421777 -0.01844328
0.00910224 -0.00933572  0.00795168 ... -0.04662119 -0.00548224 -0.00766196
0.0231431  -0.03963855 -0.00083844 ... -0.02679391  0.00839683 -0.0222011
0.00543757  0.00565913 -0.00621659 ... -0.01730213  0.0203801  -0.01340808
-0.00291774 -0.00016268 -0.00169    ... -0.0061168   0.00678621 -0.00385383
0.00898184 -0.00245703  0.00230676 ... -0.02286292  0.00142355 -0.02451144
0.02444359 -0.02199231 -0.00213195 ...  0.00717692 -0.00069881 -0.02330057
-0.00184846 -0.01805021 -0.01668991 ... -0.00458559 -0.01378264 -0.01324132
-0.00379956 -0.03913609 -0.03946498 ... -0.00982178 -0.00092582 -0.01697864
0.00360103 -0.0201975   0.0016808  ... -0.0221568   0.00657741 -0.00252338
0.01272761 -0.02035382  0.00556374 ... -0.01066611 -0.00569011 -0.02027874
-0.00454843 -0.01952643 -0.00969509 ...  0.00202463  0.00473267  0.00352525
-0.01162836 -0.02601539  0.00808408 ...  0.00236507 -0.01550509 -0.02203108
-0.00023095 -0.00522247 -0.01769586 ...  0.00166627  0.0198912  -0.00313074
-0.00492235 -0.04024039  0.00126051 ... -0.01200784  0.00818093 -0.01862607
0.00189305 -0.02085122 -0.00388017 ... -0.02088269  0.00487821 -0.01133802
0.00499866 -0.01792826 -0.00990625 ... -0.02883778  0.00210228 -0.02909914
0.00290643 -0.0289556   0.01099562 ...  0.01484917  0.02673125 -0.01602666
0.02767861 -0.01693914  0.00867228 ... -0.01503691 -0.00244334 -0.00363157
-0.01058539 -0.0241459   0.00426888 ... -0.01011611 -0.00484093 -0.03851984
-0.00882179 -0.03190517  0.00982683 ... -0.01118195  0.01007942 -0.02959036
-0.00118374 -0.03164162  0.01192762 ... -0.02755407  0.01164802 -0.02139989
-0.01772142 -0.00966905 -0.01017686 ... -0.01945473 -0.03166628 -0.0034065
-0.00565273  0.00028059  0.01753308 ... -0.02650227 -0.00667348 -0.03141869
-0.03616184 -0.02597485 -0.01901313 ... -0.00710011 -0.0043429  -0.02684996
-0.01238032 -0.03266619  0.00381637 ...  0.00452468  0.0039932  -0.02427345
0.00154256  0.00768764  0.00573684 ... -0.01378792 -0.00453955 -0.00723464
-0.01147909 -0.00010304  0.00677736 ... -0.01165703 -0.02191992 -0.01888207
0.00845271 -0.02344621  0.00456383 ... -0.00061319 -0.01911978 -0.03684861
-0.02911119 -0.00298817 -0.03147761 ... -0.00978654 -0.00143746 -0.01742713
0.0009676  -0.01128492 -0.00738767 ... -0.02914564 -0.00831858 -0.01747512
-0.00920249 -0.00111538 -0.01253425 ... -0.02760461  0.00100265  0.01078294
-0.00123932 -0.01700174  0.00041856 ... -0.00824893 -0.01587404 -0.02948718
-0.00603949 -0.01332922 -0.00456553 ... -0.01458925 -0.00581632 -0.00450874
-0.00714798 -0.02785576 -0.02609998 ... -0.03300487 -0.01081908 -0.04383221
0.00979019 -0.03168746  0.0119472  ... -0.02847525 -0.00520903 -0.0294565
0.00246708 -0.0247884  -0.0089755  ... -0.01065664 -0.00358865 -0.02387264
0.01187281 -0.0236505  -0.01168083 ... -0.02314785 -0.00645858 -0.01042939
0.01204316 -0.00563564 -0.01228289 ... -0.02084257 -0.00776385 -0.0269705
-0.00051036 -0.01473983 -0.01726546 ... -0.00337807 -0.00519309 -0.0139742
-0.00626441 -0.01642715 -0.00483999 ... -0.00877742 -0.02159422 -0.02776458
-0.01822258 -0.02024881  0.002325   ... -0.01662461 -0.00096608 -0.04439395
-0.00082967 -0.00771039 -0.01676523 ... -0.00094531 -0.00679336 -0.03226554
-0.01638982 -0.00331841  0.00209103 ... -0.00380261 -0.00331765 -0.01829842
-0.01044611 -0.03190327 -0.01244652 ... -0.01090718  0.00250174 -0.02392299
-0.01733807 -0.0148015  -0.00608744 ... -0.0015816  -0.03174561 -0.02718889
-0.00682004 -0.02010769 -0.01009438 ... -0.02611416  0.01881047 -0.00656939
0.0032865  -0.01530319 -0.00285346 ... -0.00164671  0.00634516 -0.02496541
-2.5143543e-05 -2.4281088e-02  1.7045498e-02 ... -1.4982844e-02 -7.1300319e-03 -1.9267771e-02
-0.02089049 -0.0267194  -0.01479092 ... -0.00339123 -0.01235001 -0.02446955
-0.00182225 -0.03713039 -0.01621745 ... -0.01826919 -0.01199116 -0.02145048
-0.00361449 -0.03059113 -0.00787395 ... -0.01493118 -0.00790549 -0.03915973
-0.0091854  -0.01175393  0.00136666 ... -0.05126714 -0.00139202 -0.01189104
-0.02649064 -0.023097   -0.01308088 ... -0.01760812 -0.00395922 -0.01352349
0.00343567 -0.02206908  0.00115232 ... -0.01735483 -0.01185424 -0.0182528
0.00868838 -0.01074875 -0.01077627 ... -0.03287245  0.01011974 -0.01124134
-0.02677514 -0.00197921 -0.03713335 ... -0.00546772  0.00305738 -0.03905573
0.00337307 -0.01649363 -0.00106983 ... -0.02559787 -0.00513854 -0.01391148
-0.00642732 -0.04590875 -0.00034117 ... -0.00988026  0.0113312  -0.01173175
0.00259394 -0.00492868  0.00281788 ... -0.01821465  0.00171905 -0.00149279
-0.01483359 -0.0100774   0.0066475  ... -0.0140135  -0.00391997 -0.01704572
-0.01455951 -0.01772377 -0.00531797 ... -0.01748517 -0.01292888 -0.02430834
0.01397309 -0.01082992  0.00104808 ... -0.02706361  0.01967793 -0.02857501
0.00287126 -0.01761247 -0.00347153 ... -0.00902236 -0.0070553  -0.02509953
0.00088876 -0.01950413  0.00277963 ... -0.01918739 -0.0130815  -0.02707628
-1.0086779e-02 -7.4658715e-03  2.0590306e-03 ... -1.8939089e-02  4.5351605e-03  9.6414020e-05
0.02435542 -0.00433702 -0.00303186 ... -0.00155498 -0.00608204 -0.02775452
-0.02052178 -0.0116812   0.0070559  ... -0.02231277 -0.0127775  -0.02415048
0.00576002 -0.01417316 -0.00060951 ... -0.0074926  -0.00672037 -0.03206779
-0.04293391 -0.02163639  0.00809893 ... -0.00305816 -0.02142589 -0.01047618
-0.00229325 -0.01236801  0.00140876 ... -0.03449231 -0.00367311 -0.02159695
-0.03039313 -0.01075271  0.00480529 ... -0.01251364 -0.00312586  0.00867382
-0.01210368 -0.01613455 -0.00840671 ... -0.0062379  -0.00946977 -0.01085723
0.01386164 -0.02872296  0.00506888 ...  0.00107584  0.00786028 -0.02522505
-0.00278601 -0.02339898  0.01252494 ... -0.00239368  0.01338921 -0.02063832
-0.01778525 -0.02047305  0.00521142 ... -0.00702868 -0.03288656 -0.00567321
-0.0065712  -0.04415997  0.00383708 ... -0.00094128 -0.00890076 -0.02424658
-0.02248474 -0.03073327 -0.00904311 ... -0.02737653  0.00353928 -0.01572794
0.0256504  -0.02170353  0.01416797 ... -0.02076651 -0.01368751 -0.03388138
-0.00840713 -0.02653886 -0.00707219 ... -0.01141105  0.00397463 -0.03369233
0.00236181 -0.04142428 -0.00380932 ... -0.02042955  0.00977171 -0.0256566
0.01608765 -0.01184045 -0.02037186 ... -0.04142073 -0.00977754 -0.01343283
-0.01004094 -0.03968377  0.01066502 ... -0.01863945  0.00759349  0.00420333
-0.00949728 -0.00674748  0.00465285 ... -0.02649506 -0.00915474  0.00032282
-0.02040429 -0.00231161 -0.00463535 ... -0.02296115 -0.00242234 -0.01782505
0.00074324 -0.01799773 -0.00060922 ... -0.01457034  0.01525284 -0.02669796
-0.00153219 -0.0089964  -0.01423022 ... -0.04253512  0.02501288 -0.02901218
-0.01307776 -0.0096678  -0.00669186 ... -0.03912441  0.00054353 -0.01603551
-0.00739908 -0.02252351 -0.01310897 ... -0.02129534  0.03111681 -0.01733856
-0.02013159 -0.00379488 -0.01666238 ... -0.0336746   0.01486657 -0.00802804
0.00042509 -0.01473592 -0.00523543 ...  0.00221934 -0.01700892 -0.01549731
-0.00975561 -0.00808399 -0.00795085 ... -0.01504142 -0.00410779 -0.03090185
-0.00416062 -0.02145082  0.027338   ... -0.00920418 -0.01241824 -0.00621532
-0.00139085 -0.00420374  0.00903    ... -0.02079282 -0.01609178 -0.00645532
-0.03594273 -0.00495109  0.01040156 ... -0.00216538 -0.00056891 -0.01655742
-0.00330321 -0.01709885 -0.02211647 ... -0.02699967 -0.01066202 -0.01441523
-0.00973013 -0.01293868 -0.00867285 ... -0.02692878  0.01064473 -0.00303577
-0.02303996 -0.02636439 -0.01144476 ... -0.01050822 -0.0060042  -0.01317511
-0.0071451  -0.01207773  0.01641898 ... -0.01544628 -0.02342676 -0.00159849
0.00657817 -0.02044043  0.00069469 ... -0.0137243  -0.02302896 -0.02557494
-0.01649203 -0.02121573  0.00562713 ... -0.01567085 -0.04324111 -0.01069422
0.00015419 -0.0109018  -0.00145306 ... -0.02824908 -0.0075785   0.00270942
-0.01299983 -0.0240135   0.000329   ... -0.0172398   0.01021022 -0.00932396
0.00375724 -0.01417458 -0.01610209 ... -0.02104449 -0.00362729 -0.00776435
-0.01211831 -0.0073231  -0.01239012 ... -0.00681428 -0.00377421 -0.01867094
0.00823672 -0.02623775  0.00236189 ... -0.00743107 -0.00417916 -0.01232382
-0.00866645 -0.02447508  0.01224755 ... -0.01884     0.02808378 -0.01657764
0.00014848 -0.02636318 -0.02314962 ... -0.00777119  0.00928774 -0.01008432
-0.00203951 -0.02565482  0.01920489 ... -0.00662632  0.01773305 -0.03043461
0.00902613 -0.0169721  -0.00803171 ... -0.01280554 -0.0131418  -0.02149852
-0.00717787 -0.01957615 -0.01741825 ... -0.02245218  0.01023117 -0.02101738
-0.01157454 -0.01578367  0.0037771  ... -0.02455864 -0.02068425 -0.01776698
-0.00622917 -0.02078626 -0.00419843 ... -0.02385375 -0.01099609 -0.00211745
-0.00632917 -0.01788845 -0.00668899 ... -0.0372492  -0.01033382 -0.01901875
-0.02417903 -0.02963786  0.00277816 ... -0.00736966 -0.01081446  0.0003814
0.00455406 -0.02600776  0.00190224 ... -0.00730959 -0.01581171 -0.0205244
0.00715255 -0.03952639  0.01335402 ... -0.00423895  0.00527681 -0.01553102
0.02179896 -0.02730372 -0.00491776 ... -0.01711675 -0.01833104 -0.02279926
0.00850015 -0.01475419 -0.00632107 ... -0.01221736 -0.00722414 -0.013752
0.01907583 -0.03033102  0.00281987 ... -0.00568243  0.00045761 -0.03372558
0.02430633 -0.01026847  0.01620775 ... -0.02181701  0.02165759 -0.02457119
0.00513573 -0.04258751  0.00939156 ... -0.00654045  0.01944735 -0.03214679
0.00903672 -0.02647786  0.02328228 ... -0.0174881  -0.00713043 -0.02098453
-0.00136102 -0.02821748 -0.00094665 ... -0.02530466  0.00427196 -0.02153704
0.02100106 -0.03822304  0.00287886 ...  0.00165974  0.00112607 -0.02550892
0.01754837 -0.04838043 -0.00416607 ... -0.00934936 -0.00820403 -0.02630041
0.02072351 -0.01982893 -0.01756869 ... -0.01649611 -0.00615616 -0.02676812
0.01251119 -0.03263661  0.00295337 ...  0.00297692  0.00303581 -0.02233528
0.02733909 -0.03269025 -0.00667304 ... -0.00074692  0.01080313 -0.02366258
0.02505289 -0.02040791 -0.02287768 ... -0.02102143 -0.00241834 -0.01040143
0.01450181 -0.00739165 -0.0004771  ...  0.0014339   0.00681553 -0.00616384
0.02939927 -0.02039059  0.00995461 ... -0.02380966 -0.00027153 -0.01508945
0.03040053 -0.03107715 -0.02510567 ...  0.01739572  0.0020575  -0.01699124
0.01479838 -0.00604172 -0.00945129 ... -0.00377161 -0.00958184 -0.0075108
0.00798323 -0.03351486 -0.00987331 ... -0.02728529  0.00305136 -0.02597622
0.00985128 -0.01013017 -0.01526874 ... -0.00672969 -0.00204323 -0.00348556
0.01889683 -0.00357035  0.01345809 ... -0.01711273  0.00034059 -0.00762927
0.011698   -0.02503365 -0.00574111 ... -0.00382987  0.01075341 -0.02220255
-0.01697829 -0.0359334   0.0250219  ... -0.017365   -0.0080833  -0.01076384
0.00926728 -0.00553391 -0.00964714 ... -0.01541318 -0.0046527  -0.01697526
0.00648953 -0.02296924 -0.00814922 ...  0.00270245 -0.00062452 -0.00284638
-0.00496628 -0.0313382   0.01247688 ...  0.01713608  0.00067803 -0.02485489
-0.01645821 -0.03240233  0.00815822 ... -0.02004997 -0.00514534 -0.00349492
0.00722473 -0.02725681 -0.00604445 ...  0.00534048 -0.0167876  -0.02889059
0.00871942 -0.00053872 -0.00805179 ...  0.00409088 -0.01914579 -0.00815542
0.01027506 -0.01390217  0.00038825 ...  0.00885885 -0.00347823 -0.03535011
-0.01229372 -0.00438239 -0.01816939 ... -0.01184465  0.01450476 -0.03019068
-0.00011488  0.00684525 -0.0031871  ... -0.00759103  0.00308093 -0.00904488
0.00455823 -0.01469436 -0.01483984 ... -0.00127117  0.01461982  0.00485577
0.033535   -0.04139382  0.00734114 ...  0.00069806  0.00459965 -0.00898731
0.00289728 -0.00624533  0.0036776  ... -0.0067819   0.00277395 -0.02686093
-6.9573531e-03 -2.9151424e-04  9.1910287e-04 ... -9.9935187e-03  1.7027766e-02  4.9768081e-05
-0.00386283 -0.01393732  0.00647912 ... -0.00827474  0.00352669 -0.01102797
-0.02645882 -0.01728086  0.01074183 ...  0.0060122  -0.00951078 -0.00927202
0.01835794 -0.02168698  0.01253377 ...  0.00105713 -0.00106146 -0.02619312
0.00550742 -0.02285432  0.00528609 ... -0.00808393  0.00608964 -0.03798998
0.02646234 -0.03259541 -0.00131435 ... -0.01214787  0.00595264 -0.02651707
0.02338183 -0.0290699  -0.00285419 ... -0.02354808 -0.00663756 -0.0032354
0.00176779 -0.00882335 -0.00783369 ... -0.00861859 -0.01967476 -0.01928398
0.00691736 -0.00884813  0.01287584 ... -0.00697371 -0.01824108 -0.02385435
0.01995478 -0.03118583  0.01012307 ... -0.01008383 -0.01508684 -0.02687295
0.02290021 -0.0304944  -0.01165922 ...  0.0005476  -0.00747064 -0.02080557
0.00270863 -0.04020996  0.00323837 ...  0.00366317  0.00427668 -0.03599156
0.03221994 -0.01148608 -0.00883909 ... -0.016841   -0.01385798 -0.02638086
0.03421348 -0.04030832  0.00063416 ... -0.01082444 -0.02495703 -0.05132644
-0.01175139 -0.02162882  0.00221772 ... -0.00122251  0.00536187 -0.02954228
-0.00868478 -0.02328506 -0.00856273 ... -0.0111243  -0.02712716 -0.01086095
0.01547041 -0.01587475 -0.01082972 ...  0.00154081 -0.02359601 -0.01816664
-0.02482107 -0.01410331  0.02451696 ... -0.03464179 -0.0067952  -0.02102112
0.01507519 -0.01904574  0.01129954 ... -0.00246948 -0.0034723  -0.0109422
0.01577107 -0.02558346  0.01802713 ... -0.03279083  0.03071529  0.00343269
-0.00488383 -0.00073041  0.01292429 ... -0.02216701 -0.01789176 -0.02791947
-0.00197219 -0.02305448  0.0145141  ... -0.00931783  0.00784066 -0.01286613
0.01213338 -0.02670897  0.00480153 ... -0.01749344 -0.02172634 -0.03025455
-0.00973563 -0.01994948 -0.02460628 ... -0.00048117  0.0089448  -0.01973716
-0.00541758 -0.01055104  0.01269034 ... -0.01122991  0.00669823 -0.00345264
-0.00252903 -0.01530409 -0.0053892  ... -0.01141493  0.00026641 -0.02053424
0.00339548 -0.01925871 -0.01804464 ... -0.0104047   0.01660979 -0.02362083
0.01013059 -0.03439636  0.00681358 ... -0.00579614  0.00240502 -0.03318727
0.00714566 -0.01219448 -0.01680814 ... -0.01407421 -0.01701971 -0.0150852
-0.00538508 -0.02195122 -0.00608753 ... -0.01674779  0.0118803  -0.01992073
-0.00037873 -0.01737562 -0.002716   ... -0.02152452  0.00378357 -0.00658458
0.00736163  0.00163446 -0.00468199 ... -0.02980656 -0.00642093 -0.01883317
0.00650339 -0.00622008  0.00292257 ... -0.01587069  0.00281299 -0.01913126
0.01201993 -0.00744415 -0.01347732 ... -0.00818349 -0.00352835 -0.02663683
0.00796967 -0.02643381 -0.02411876 ... -0.0154483   0.00174195 -0.04718911
0.0034908  -0.03447409 -0.00713076 ... -0.02299317 -0.00368266 -0.04700405
-0.00127552 -0.03680342 -0.02212448 ... -0.01698383  0.01336269 -0.01187307
0.00043433 -0.00054937  0.00093197 ... -0.02967996 -0.00216654 -0.00941057
-0.01701533 -0.01295518 -0.02130998 ... -0.01103087 -0.01170183 -0.02090488
0.01041627 -0.02174286 -0.00828183 ... -0.02351031  0.01848307 -0.03427042
-0.00362093 -0.01103029 -0.01417546 ... -0.02138093  0.00795026 -0.01597472
-0.00560982 -0.02192908 -0.00601071 ... -0.02473182  0.02212373 -0.01377233
0.00669793 -0.02363583  0.00212747 ... -0.00729591  0.00217615 -0.0132706
-0.01492551 -0.04172987  0.00243907 ...  0.00164491 -0.01239346 -0.016135
-0.01729582 -0.03688801 -0.03344681 ... -0.00837427  0.01139866 -0.00680299
-0.01238815 -0.03501436 -0.01626529 ... -0.01813812  0.00529825 -0.02408793
-0.01603698 -0.02205142 -0.03324843 ... -0.01746851  0.01191252 -0.0210598
-0.01030801 -0.02878393  0.00407489 ... -0.03194665 -0.00491545 -0.00808256
0.00700007 -0.0162742   0.00765404 ... -0.00514246 -0.0025362  -0.02315342
0.01254031 -0.01891105 -0.01973255 ...  0.00279223 -0.01322185 -0.02612542
-0.00262885 -0.03373171 -0.01082983 ... -0.02501331 -0.00106837 -0.0427834
-0.00576928 -0.02489862 -0.01415872 ... -0.01248191 -0.00430593 -0.0294063
0.00325947 -0.0236443  -0.01478924 ... -0.01711595 -0.00063973 -0.02312392
0.00408609 -0.027141   -0.01397484 ... -0.03655645 -0.00115828 -0.00166526
0.00405131 -0.02789249 -0.00906634 ... -0.02657822  0.00256818 -0.00701315
0.01674903 -0.03942182  0.02171037 ... -0.02281473 -0.00824502 -0.04596752
0.00477462 -0.03596656  0.01092818 ... -0.0221955  -0.00553673 -0.03062839
0.00398412 -0.02651726 -0.00100625 ... -0.03951402 -0.01837004 -0.01726274
0.00281266 -0.0219221  -0.00437186 ... -0.01758881  0.00423195 -0.00612983
-0.0104902  -0.00946862 -0.00361892 ... -0.02362815 -0.00294571 -0.01459747
0.00602253 -0.0285342   0.0082761  ... -0.01897501 -0.00066847 -0.01127719
0.00510293 -0.0475534   0.00478005 ... -0.02956024 -0.00269052 -0.02112528
0.00066819 -0.02456453 -0.00565735 ... -0.04607408  0.00136473 -0.01846494
-0.01247959 -0.02887746 -0.01761482 ... -0.02921232 -0.00352086 -0.02258488
0.01668262 -0.01906154  0.00063887 ... -0.00712728  0.00080503 -0.0115394
-0.00027636 -0.00714979 -0.02183753 ... -0.02333231  0.01749398 -0.01686841
0.00069936 -0.01798388  0.00449871 ... -0.03730775 -0.00657145 -0.01368469
0.00080269 -0.02290294 -0.0141534  ... -0.01555556  0.01022049 -0.0174784
-0.01096458 -0.01191716  0.00679944 ... -0.007281    0.00497925 -0.01591569
0.00765411 -0.02838872  0.00155701 ... -0.01212423  0.00195476 -0.00867444
0.01902997 -0.00669504  0.01571716 ...  0.000184   -0.01042366 -0.01440201
0.00183658 -0.03890267  0.0062489  ...  0.00132555  0.01198689 -0.00540129
-0.00428364 -0.02165735  0.01066115 ... -0.02890774  0.00414056 -0.01735306
0.00219257 -0.02009818 -0.01866889 ... -0.00319064  0.00643717 -0.01505969
-0.00961696 -0.0272129   0.00727477 ... -0.01347992  0.00072384 -0.02586174
-0.00315934 -0.02599875 -0.00234757 ... -0.02892675  0.02016215 -0.02298463
-0.00545927 -0.01813697 -0.0073089  ... -0.02048573  0.00072209 -0.00390008
0.00699463 -0.02883737 -0.00835241 ... -0.02231327  0.01896761 -0.02116176
0.00912777 -0.01889404 -0.00534464 ... -0.01172983  0.00288706 -0.02458859
-0.01751942 -0.02869189 -0.00769212 ... -0.01737865  0.01033514 -0.02199555
0.00569508 -0.01176317  0.00753818 ... -0.01959421  0.0129062  -0.01221428
-0.0093054  -0.01524266 -0.02175693 ... -0.02410791  0.00018465 -0.02579261
-9.2933234e-03 -2.8495457e-02  2.0371255e-05 ... -2.5690557e-02  1.1383391e-02 -3.3446595e-02
0.01725835 -0.04089862 -0.00158754 ... -0.03909812  0.00587705 -0.0076231
0.0122693  -0.00761946  0.00151062 ... -0.01473832  0.00122757 -0.02198291
0.00271492 -0.01519022 -0.01502771 ... -0.01236384  0.00701358 -0.00916468
0.00604829 -0.01564233  0.00635296 ... -0.02290823  0.0045543  -0.02779101
0.02154421 -0.02220995  0.01116998 ... -0.01904521 -0.00186827 -0.01225423
-0.00275043 -0.02813502  0.00046973 ... -0.05237212  0.00523458 -0.03157622
-0.00438097 -0.03227969  0.02643868 ... -0.01474648 -0.01401183 -0.02337415
-0.02043903 -0.04329633 -0.00461984 ... -0.00953112 -0.00047464 -0.01431361
-0.0113383  -0.02886469  0.00792425 ... -0.02708833  0.0162796  -0.0098038
-0.00408614 -0.02016129  0.00204053 ... -0.02404599  0.01605054 -0.02838413
0.00854993 -0.01990033 -0.01279329 ... -0.03274861 -0.00176343 -0.02369509
0.00465784 -0.04169028 -0.02302224 ...  0.00112589  0.00163685 -0.03641501
0.00968068 -0.02958661  0.00490147 ... -0.02378283  0.02124485 -0.02539414
0.00531288 -0.02503611  0.02259407 ... -0.02174225 -0.00910472 -0.01185143
0.00825485 -0.03393661  0.01256223 ... -0.02583811 -0.01346427 -0.00314309
-0.00190857 -0.02804124  0.00557924 ... -0.01289205 -0.01907627 -0.00792267
0.03268085 -0.03809661  0.0173451  ... -0.02574589  0.01250163 -0.03608399
0.01682123 -0.036727   -0.00605165 ... -0.0197212  -0.00426921 -0.01830375
0.00717088 -0.03632108  0.00656188 ... -0.00041406 -0.01988159 -0.02316756
-0.01203    -0.02084966 -0.02014568 ... -0.02698733  0.02905152 -0.01728106
0.01191843 -0.03450992  0.00697855 ... -0.00813641 -0.00157383 -0.0280585
0.00652443 -0.01510255 -0.00501339 ... -0.01228936 -0.00929579 -0.01856104
-0.00482887 -0.03766379 -0.02168576 ... -0.02941192  0.00149171 -0.0343053
-0.02415271 -0.02975425 -0.0289529  ... -0.00820437  0.01147673 -0.02074293
0.00788589 -0.00741003 -0.00102431 ... -0.0034786   0.00240896 -0.02457755
-0.02531259 -0.01492954  0.00078497 ... -0.00293513  0.0307851  -0.01765514
0.00199498 -0.02911145 -0.01912161 ... -0.01356135 -0.00716203 -0.01482358
-0.01311122 -0.0188837  -0.02212164 ... -0.03437965  0.00615017 -0.00600879
-0.00903255 -0.02322525 -0.02008481 ... -0.01410121  0.00361788 -0.00157934
-0.00057174 -0.00921235 -0.01882437 ... -0.03033016 -0.01767849  0.01357981
-0.00448222 -0.02558883 -0.00272187 ... -0.01048408 -0.02406218 -0.00098492
-0.00989467 -0.00878037 -0.02264835 ... -0.01008533 -0.00185348 -0.01177797
-0.00607101 -0.02755763 -0.0005428  ... -0.00086225 -0.00722    -0.00301323
0.00385573 -0.02972014 -0.00056977 ... -0.0026375  -0.01934678 -0.00753145
0.00014903 -0.03299531  0.010495   ... -0.02096605 -0.01884926 -0.03053786
-0.0103182   0.00381895 -0.01679109 ... -0.04175699  0.00345643 -0.01381121
-0.00460784 -0.01600806  0.00634426 ... -0.02455311 -0.01614399 -0.02299997
-0.02595031 -0.01100995 -0.01174369 ... -0.01444911  0.00758292 -0.01668097
-0.01611271 -0.03287441 -0.00819985 ... -0.02809606  0.00660306 -0.01771132
0.00195965 -0.00685011  0.01363109 ... -0.01060567 -0.00271069 -0.00019336
0.00108938 -0.01592801  0.00135602 ... -0.02504772 -0.0061355   0.01085543
0.01443628 -0.01204667 -0.02054079 ... -0.01692651 -0.00352457 -0.00342253
0.01957878 -0.01786197  0.0028911  ... -0.01257369 -0.00580138 -0.03263677
0.01533779 -0.02522197  0.00315149 ... -0.0117733   0.00255681 -0.03744934
0.02895791 -0.03661469 -0.01257778 ... -0.02171211 -0.00821716 -0.02476801
0.01166897 -0.0297537   0.00070201 ... -0.00246924  0.00597398 -0.03248176
0.03482512 -0.018794   -0.00403897 ... -0.01378512  0.00904429 -0.01134101
-0.00369937 -0.01023134  0.0087848  ... -0.02428842 -0.00350435 -0.01726059
0.00034446 -0.03144488  0.01283174 ... -0.01794295 -0.00045892 -0.00580527
0.03926989 -0.02688958  0.00609164 ... -0.02256031  0.00453025 -0.03525978
0.0222007  -0.02388617  0.0105222  ... -0.01292827 -0.01677774 -0.00491142
0.00854546 -0.02673816 -0.00993484 ... -0.01287859  0.00200723 -0.00141952
0.02278268 -0.03381107  0.01203317 ... -0.00559272 -0.00318963 -0.01763565
0.01754147 -0.02917472 -0.00971827 ... -0.00271605 -0.02580454 -0.02470012
0.01129094 -0.01927557  0.00994282 ... -0.00831612  0.01114195 -0.03871365
0.00016925 -0.0253322  -0.01108621 ...  0.00479428 -0.01780419 -0.02715575
0.01802188 -0.03232945  0.00923055 ...  0.01074591 -0.01204229 -0.02764111
0.03450172 -0.01050582 -0.01339086 ... -0.01307582 -0.01613606 -0.02592732
0.01584214 -0.02048386  0.02537986 ... -0.0158255  -0.01253215 -0.01338263
0.03454764 -0.03141496  0.00386038 ...  0.00393398 -0.02512136 -0.01860584
0.01531108 -0.03225386  0.00262486 ...  0.00452884  0.00614251 -0.01208736
0.02487447 -0.03014632  0.01000808 ... -0.02908208  0.00108043 -0.03528711
0.00812542 -0.02398484  0.00995697 ... -0.00838857 -0.00432747 -0.02828643
2.0681944e-02 -1.4947168e-02 -4.4206176e-03 ... -1.9344000e-02 -6.8426161e-05 -2.5947409e-02
0.02556884 -0.0300216  -0.00577101 ... -0.01169784 -0.01516652 -0.0249643
0.02898157 -0.04055239  0.02108577 ...  0.0067562  -0.00558756 -0.01782574
-0.00366665 -0.02157553  0.01777258 ... -0.01449397 -0.00665818 -0.03614033
0.01542204 -0.04828525  0.02315928 ... -0.00186754 -0.00883045 -0.02088661
0.04194659 -0.03082833  0.00930304 ... -0.01144369 -0.01634897 -0.03900839
0.01316006 -0.03169494  0.01029427 ... -0.0068905   0.00832499 -0.0350287
-0.00801374 -0.00266745  0.00077601 ... -0.03334381 -0.01487669 -0.01321751
0.03284398 -0.03251124  0.01076655 ... -0.00644798 -0.00294247 -0.01843259
-0.01147898 -0.02567176  0.01363578 ... -0.01480923  0.00073113 -0.02997273
0.01042113 -0.01835052 -0.02034838 ... -0.03134438  0.00945036 -0.0402939
0.01387577 -0.02565716 -0.00134657 ... -0.05099736  0.01211357 -0.02670153
0.00677116 -0.02127432  0.00222363 ... -0.03807349  0.01142942 -0.02988182
0.0053409  -0.03324385  0.00860962 ... -0.0287759   0.00460169 -0.05310823
-0.00880389 -0.0447115  -0.0002923  ... -0.02785587  0.00294097 -0.03136038
-0.01131288 -0.01795065 -0.01695587 ... -0.03037388  0.00030347 -0.03325641
-0.02295877 -0.01807102  0.00480638 ... -0.02587147  0.01117508 -0.01256348
-0.00069905 -0.02755122  0.01623995 ... -0.0104548   0.01016415 -0.02394293
0.01272973 -0.0199973   0.00786784 ... -0.03130406  0.00279395 -0.04133669
0.01341364 -0.01873018 -0.00644646 ... -0.02712568 -0.01893797 -0.02100626
0.01531508 -0.03675258  0.01439344 ... -0.00735285 -0.00453963 -0.03092745
-0.00322305 -0.01558916  0.00491937 ... -0.01766935  0.00428164 -0.01980015
0.00260699 -0.00784367  0.01290298 ... -0.01613547  0.0107278  -0.03561937
-0.0188885  -0.02108434 -0.00205618 ... -0.01938993 -0.012398   -0.03227998
-0.00365081 -0.0278904   0.01465097 ... -0.01511228  0.01725244 -0.03245467
0.00355805 -0.01453198  0.01493303 ... -0.00893521  0.00333527 -0.04516264
0.00329717 -0.02486653  0.00918701 ...  0.01185549 -0.00127562 -0.02185998
0.00557129 -0.03243226 -0.00603699 ... -0.02050143  0.00334721 -0.04514897
0.00785662 -0.04125065  0.00601178 ...  0.00066429 -0.01277678 -0.0477496
0.00614555 -0.0167262  -0.00427779 ... -0.01850414  0.00357968 -0.02897768
-0.01004358 -0.00844222  0.00176648 ... -0.01840591 -0.02078127 -0.01848857
0.00371564 -0.02279692 -0.00375734 ... -0.0173486   0.01515133 -0.02636406
0.00192549 -0.02434863  0.00443921 ... -0.01803498 -0.00585522 -0.033738
-0.01195655 -0.03122339  0.00264838 ... -0.00356233 -0.00668645 -0.05497671
0.00654612 -0.00145746 -0.00077586 ... -0.03640267  0.00190095 -0.0100457
-0.00208313 -0.00278558  0.00204991 ... -0.01698685  0.0184017  -0.00826291
0.00893403 -0.02145996 -0.02590756 ... -0.0093178  -0.00281625 -0.01383983
-0.00552677 -0.03381057 -0.01683172 ... -0.02108678 -0.0109681  -0.02194766
0.00144938 -0.02557611  0.00256131 ... -0.03422663 -0.00144612 -0.0332687
0.01090783  0.00499272 -0.00036872 ... -0.01346461 -0.00236005 -0.02910871
0.00239179 -0.00356252 -0.00842583 ... -0.02558244 -0.01020485 -0.03356461
-0.0272917  -0.00404794  0.0243913  ... -0.0128449  -0.02309566 -0.01241933
-0.01550368 -0.01836937  0.01107513 ... -0.00186393 -0.00879391 -0.01236675
-0.00776244 -0.04014562 -0.00905075 ... -0.02010453  0.00826487 -0.02085697
-0.00449385 -0.03277063  0.01022393 ... -0.01361316 -0.00328981 -0.02650951
-0.00057306 -0.05263453  0.01472711 ...  0.01179044 -0.00536547 -0.02334063
0.00544879 -0.01830737 -0.00925834 ... -0.03046406 -0.00314312 -0.01966454
0.00907972 -0.029166   -0.00934135 ... -0.01075354 -0.00057949 -0.01559219
-0.00140383 -0.03189946 -0.00967326 ... -0.02434924  0.02103074 -0.02531952
0.00135255 -0.03239855  0.01780685 ...  0.0090913  -0.00631102 -0.03932336
-0.010621   -0.02412923  0.00449447 ... -0.03392081  0.01875109 -0.04159681
0.00225534 -0.01302814 -0.0011843  ... -0.01806088 -0.01497977 -0.01653121
0.00841543 -0.01901189 -0.01420697 ... -0.01984378  0.00715849 -0.02544858
-0.00017634 -0.02222087 -0.0042751  ... -0.02256258  0.02397168 -0.03502056
0.01598132 -0.02412036 -0.01803782 ... -0.01174846  0.01501322 -0.02142268
-0.00988985 -0.0317919  -0.0018742  ... -0.00547098  0.01983587  0.00490016
0.01066524 -0.03453633  0.00907966 ... -0.03035616  0.0166134  -0.02472796
0.02129555 -0.02000883 -0.00421264 ... -0.01434445 -0.00472983 -0.02262311
-0.01218295 -0.01658831 -0.00251678 ... -0.01664535 -0.00050003 -0.03499822
-0.00135528 -0.01440245 -0.01004602 ... -0.02124518 -0.01876925 -0.02244606
-0.02278265 -0.02111648 -0.02580154 ... -0.01973435  0.01037903 -0.04083433
0.0031751  -0.02033899 -0.01525482 ... -0.007012    0.00637268 -0.03505765
-0.00516121 -0.02034774  0.02173198 ... -0.00075023 -0.00117207 -0.02582638
-0.00225503 -0.01526752 -0.01025228 ... -0.00754195  0.01024779 -0.02042325
0.00541447 -0.02454999 -0.00187535 ... -0.00740262  0.0064573  -0.02242345
-1.0490984e-03 -1.8954661e-02  2.8393910e-05 ... -1.5269277e-02  4.0184241e-03 -1.0904939e-02
0.00117716 -0.03816898  0.00564037 ... -0.01148682 -0.00925804 -0.00636604
0.01716768 -0.02802847  0.00413085 ... -0.03200489 -0.00819648 -0.02062343
0.0034901  -0.03212319 -0.00425645 ... -0.01102572  0.0075944  -0.01804972
-0.01517393 -0.00190987 -0.01584018 ... -0.02234782  0.02095515 -0.00299599
0.0006309  -0.02434388 -0.00255954 ... -0.02753716 -0.01389099  0.00098751
-0.00139237 -0.03118102  0.01145821 ... -0.01086196  0.00682779 -0.01409684
0.00289622 -0.01694047 -0.00221772 ... -0.01131387  0.01876778 -0.00075684
0.00207506 -0.01263759 -0.01290662 ... -0.03012053  0.00615323 -0.00914786
-0.00262437 -0.02970642 -0.01114428 ... -0.01820434  0.03020745 -0.01260571
-0.02073949 -0.01416138 -0.00493897 ... -0.02538939  0.00307935  0.01173913
0.007425   -0.02456142 -0.00048324 ... -0.02391626 -0.00769315 -0.01193825
0.01911294 -0.00441636 -0.00854518 ... -0.02019841 -0.000617   -0.01962243
0.00682364 -0.01885977  0.00431067 ... -0.02683545  0.00463713 -0.00385626
-0.00770749 -0.0137305  -0.00232207 ... -0.02019019  0.01190157 -0.01388002
0.00370232 -0.0116505  -0.00680526 ... -0.02833401 -0.00073769 -0.0322925
0.00027805 -0.02995236 -0.01147218 ... -0.01849682  0.02818523 -0.01306948
1.2509848e-02 -6.0492647e-03 -2.7942848e-05 ... -2.6577644e-02 -2.2999106e-03 -1.1237950e-02
0.00086431 -0.00615046  0.00346932 ... -0.02090393  0.01232611 -0.01076167
0.00066421 -0.02469652 -0.00209323 ... -0.02573866 -0.01348395 -0.0102998
-0.00220351 -0.02289847 -0.01448358 ... -0.02959535  0.00909156 -0.02110774
-0.00890947 -0.01561138 -0.00842439 ... -0.03072212 -0.00993889 -0.02018898
0.00078493 -0.02236437 -0.02107993 ... -0.01016486  0.01229373 -0.01888386
0.01455815 -0.0245038  -0.00847688 ... -0.01899883  0.01431109 -0.0125869
0.00816608 -0.01989512 -0.00130369 ... -0.01905059  0.02578082 -0.03149426
-0.0181827  -0.0351841   0.00429436 ... -0.0060773   0.00967456 -0.02332885
-0.01156535 -0.01565148 -0.01472372 ... -0.03100612  0.0169837  -0.01558442
0.00239835 -0.0244704  -0.02942607 ...  0.0068465   0.0139439  -0.03023815
0.01730196 -0.01626782 -0.02572401 ... -0.03097469 -0.00856896 -0.01086238
0.02274155 -0.0163755  -0.03033255 ... -0.02372091  0.00424294 -0.01914053
-0.00636832 -0.02031825 -0.02515581 ... -0.03333252  0.0201667  -0.02049529
-0.00842321 -0.01910392 -0.01992754 ... -0.04486099  0.01276506  0.00029407
-0.00358205 -0.01900402  0.00725725 ... -0.02171838  0.00822071 -0.03751906
0.00942715 -0.03720556  0.00912656 ... -0.01323941 -0.00154786 -0.02758455
0.0227304  -0.01022753 -0.00604586 ... -0.01720554  0.02599731 -0.01944235
-0.02447498 -0.02057065 -0.00824384 ... -0.00206565  0.00851473 -0.0213131
0.02786999 -0.01099216 -0.00111483 ... -0.02803505  0.00727674 -0.01506718
0.00700484 -0.02432609 -0.00656029 ... -0.04255432  0.02595212 -0.01459712
-0.00484365 -0.00507946  0.00364079 ... -0.03070052  0.0001227  -0.04021046
7.32856244e-03 -2.06258651e-02 -3.63231302e-05 ... -1.51347695e-02  1.02254478e-02 -2.00934224e-02
0.01549566 -0.01956757 -0.00207932 ... -0.01072224  0.01263468 -0.01334618
0.01599473 -0.01929666 -0.02098257 ... -0.02627042  0.00645734 -0.02109244
-0.0152653  -0.01737962 -0.0099086  ... -0.03266079 -0.01506123 -0.0172011
0.00579424 -0.01265847 -0.00274673 ... -0.01189749 -0.00516158 -0.01800276
0.01003988 -0.02786823  0.00872065 ... -0.02064154  0.01335061 -0.02109834
0.00627245 -0.00961609  0.00140106 ... -0.03091234 -0.0018158  -0.02393885
-0.00546313 -0.03592942 -0.0111642  ... -0.02221083  0.00819323 -0.0266021
0.00451168 -0.01889663 -0.00506923 ... -0.02577222  0.00609498 -0.02136495
0.01155899 -0.03244687 -0.01333738 ... -0.00543768 -0.00556051 -0.02830398
-0.02050427 -0.01452004  0.02179574 ... -0.00492764 -0.00980436 -0.00805531
0.00671799  0.00958095  0.01190883 ... -0.02194954 -0.02555501 -0.04636096
-0.01111612 -0.00453601  0.01135863 ... -0.02928879  0.00755138 -0.02879699
0.00399721 -0.0358      0.00703585 ... -0.02122305 -0.00577201 -0.01772959
0.00181266 -0.00633401 -0.00571243 ... -0.0111165   0.00466998 -0.03101915
0.00741041 -0.01918172 -0.02021458 ... -0.01073467 -0.01546742 -0.04126632
0.0034479  -0.01721565 -0.0013455  ... -0.01963733 -0.00226734 -0.01782386
0.00592392 -0.00530231 -0.00786309 ... -0.03162526  0.02142624 -0.02026248
-0.00656885 -0.02951343 -0.01380212 ...  0.0077173   0.00361289 -0.01762591
0.00451233 -0.02235953  0.00076943 ... -0.02109436  0.0015046  -0.0325517
0.00937991 -0.0254958   0.01334513 ... -0.01431397  0.0082011  -0.0392954
-0.00451015 -0.02472767  0.00701757 ... -0.00563056 -0.00203942 -0.02890641
0.00105216 -0.02686226 -0.00165309 ... -0.01677281 -0.01823484 -0.05273333
0.00274201 -0.02394472 -0.00276896 ... -0.02078929 -0.00605898 -0.01944772
0.01519051 -0.02160291  0.01186357 ... -0.02146998  0.01476172 -0.02977223
0.01527405 -0.01502426  0.01062259 ... -0.0114968   0.0035325  -0.02974851
-0.01380236  0.01085664 -0.0220903  ...  0.00828395 -0.02455899 -0.0257259
0.01369545 -0.01643557 -0.00453764 ... -0.02346536  0.00208328 -0.02496197
0.02155487 -0.01967542  0.00237265 ... -0.00768018 -0.0077594  -0.0122076
0.01096418 -0.03005243  0.01024752 ... -0.00306861  0.01283396 -0.01403986
0.00329662 -0.00505331 -0.01317529 ... -0.01276876  0.00108079 -0.00434596
-0.00474812 -0.01446897 -0.00309556 ... -0.00528097 -0.00809359 -0.01032414
-0.00913172 -0.01238721 -0.01864057 ...  0.01552192 -0.01241473 -0.01814064
-0.00433545 -0.01617229  0.01709096 ... -0.02108951  0.00279415 -0.02583985
-0.00863573  0.00726596  0.01585541 ... -0.01574287 -0.01354773 -0.01353071
-0.00669914 -0.00237898  0.0033169  ... -0.01702365 -0.00297808 -0.02092698
0.00973404 -0.0064756   0.0132502  ... -0.01851659 -0.00520076 -0.01861055
-0.00561585 -0.01360801 -0.01862995 ... -0.01651066 -0.00514703 -0.02234848
-0.0061259  -0.00255971 -0.00827121 ... -0.0205534   0.00479073 -0.01513864
-0.01661864 -0.02878079 -0.01161675 ... -0.01159306  0.01390231 -0.02111271
-0.02566714 -0.03371735 -0.01222251 ... -0.00441681  0.01161161 -0.02842069
-0.0031445  -0.0180598  -0.01270957 ... -0.01250346  0.01728196 -0.02806059
0.01249829 -0.03360346  0.00198502 ... -0.00174492  0.00611067 -0.03352213
-0.00545428 -0.03249043 -0.00091786 ... -0.00283338  0.00369522 -0.02720265
0.01875204 -0.02142659 -0.00456814 ... -0.00358155 -0.00485099 -0.02359998
0.01129941 -0.01701476 -0.00064777 ... -0.01137317  0.0055758  -0.03088943
0.01050995 -0.01338401 -0.00279786 ...  0.01367897  0.00492712 -0.03694708
0.02061605 -0.01228705  0.00670879 ... -0.04447384  0.01652872 -0.01927766
5.2674855e-03 -2.2161327e-02  1.1934756e-02 ...  8.8651177e-05  2.6922049e-03 -2.9330075e-02
0.01286172 -0.0218963  -0.00313048 ...  0.00054099  0.00078449 -0.02278419
0.00325533 -0.0245401  -0.0083296  ... -0.00706001 -0.00314747 -0.01759087
-0.0004147  -0.00556973  0.00887677 ... -0.01827977 -0.00589242 -0.00343282
0.01566911 -0.01801082  0.01627867 ... -0.01400626 -0.01751305 -0.03608608
-0.00072705 -0.02676025  0.01182471 ... -0.00389038 -0.00120246 -0.03353104
0.01185114  0.0052023  -0.00296039 ... -0.03377011  0.01544989 -0.01943755
0.00535668 -0.00643051  0.01675672 ... -0.02677097 -0.00820682 -0.02889046
0.00782499 -0.02125508  0.00169195 ... -0.01116731 -0.00705751 -0.01425218
0.01252878 -0.03619177  0.00088056 ... -0.0107898   0.01490586 -0.03412035
0.02369764 -0.00257083 -0.00149376 ... -0.01405799  0.0008604  -0.0297356
0.00349141 -0.02710999  0.00078335 ... -0.01069453  0.00734666 -0.02084909
-0.00281378 -0.02513881  0.00734481 ... -0.0025005  -0.01229455 -0.00872552
0.00305224 -0.03012147 -0.00374546 ...  0.00701689 -0.00281421 -0.00673102
0.00726337 -0.02630961 -0.0101206  ... -0.0146745  -0.00241532 -0.02044493
0.01374244 -0.0070642  -0.01298593 ... -0.04343903  0.02244363 -0.02002306
-0.02864148 -0.02884812 -0.01438391 ... -0.02735053  0.0025461  -0.0181786
0.00939944 -0.03247521  0.01314868 ... -0.04631775  0.01290193 -0.01687045
0.00821113 -0.02473651  0.01543505 ... -0.02851225  0.01710248 -0.02257377
0.02022038 -0.02659932 -0.01034955 ... -0.03737766 -0.00756081 -0.02235455
-0.00116771 -0.0315576   0.00505856 ... -0.03135063  0.02325617 -0.02313754
0.00123276 -0.02219975  0.00213349 ... -0.03049491 -0.0103252  -0.02631491
0.02481383 -0.03838179 -0.00779104 ... -0.02115908  0.00245625 -0.00947926
-0.00157911  0.00691317  0.01734375 ... -0.02934344  0.02526041 -0.04025541
0.01121624 -0.01393274  0.00013548 ... -0.01637052  0.0118296  -0.03876568
0.01496405 -0.01705667  0.01400157 ... -0.01547692 -0.01591748 -0.03609997
0.02069384 -0.03346611 -0.00051933 ... -0.00969408 -0.00843076 -0.02809696
0.008324   -0.0326198   0.00399898 ... -0.01229137  0.01881149 -0.04243901
0.01771265 -0.0251992   0.02065653 ... -0.02617264 -0.02180979 -0.0446118
0.01429209 -0.01669631  0.01122818 ... -0.03952123 -0.00812379 -0.02786579
0.00344925 -0.03278602 -0.0013388  ... -0.02457555 -0.00846553 -0.01798448
0.0347575  -0.02182817  0.01298065 ... -0.03319623 -0.00072186 -0.036667
0.02150637 -0.02619553  0.00138505 ... -0.03268419 -0.0090238  -0.02078596
0.01252479 -0.0516766   0.00724994 ... -0.01152527 -0.02229403 -0.03439837
0.00051283 -0.01862157  0.01908847 ... -0.02698961  0.02535096 -0.021085
-0.00095046 -0.02499517  0.0092693  ... -0.02967863  0.0053637  -0.02949627
0.00609409 -0.03638684  0.00977681 ... -0.02096064  0.0196644  -0.03267345
0.02151356 -0.00084926 -0.00577321 ...  0.0048389   0.011818   -0.03052958
0.00944668 -0.0275988   0.0179275  ... -0.0509839  -0.00277854 -0.03486013
-0.00711418 -0.03249897 -0.00933704 ... -0.03269329 -0.01757216 -0.01520898
-0.00130579 -0.02405643 -0.025136   ... -0.00848393 -0.00926194 -0.03290217
-0.00363171 -0.02206403 -0.00181014 ... -0.0163702   0.00288816 -0.02462801
-0.00773274 -0.02196375 -0.00806233 ... -0.03467738 -0.00679686 -0.02717567
0.01806982 -0.02777154  0.01076798 ... -0.02552065  0.00122292 -0.02279981
0.00260163 -0.04173745 -0.00509008 ...  0.00097363  0.0019202  -0.01197102
0.00607351 -0.01560527 -0.00316387 ... -0.02291701 -0.01481815 -0.02060921
0.0060765  -0.02612179  0.01124088 ... -0.02695143  0.01124938 -0.03357862
0.0222054  -0.0319537  -0.0202959  ... -0.02010039 -0.01342883 -0.0203157
0.00703808 -0.0068148   0.00178469 ... -0.02953767  0.00278012 -0.02442205
-9.1628684e-04 -3.8946968e-02  1.2191966e-02 ... -2.3226038e-02  1.8558854e-05 -3.1794012e-02
0.00949461 -0.00268188 -0.00129405 ... -0.04301879 -0.00754746 -0.01804755
-0.02647205 -0.01805995 -0.00966216 ... -0.04724135 -0.00522048 -0.00308497
-0.00409051 -0.02174183 -0.0042009  ... -0.00106337 -0.00547958 -0.02341664
-0.01104554 -0.03590583 -0.01289042 ... -0.02756121  0.00496182 -0.00879207
-0.0129655  -0.04237945  0.02054596 ... -0.01205696  0.01794852 -0.0297123
-0.00427272 -0.02806087 -0.01207786 ... -0.02140816  0.01220986 -0.03020607
-0.00806588 -0.05157267  0.01004462 ... -0.00482876  0.00537638 -0.01364541
-0.01033683 -0.03823538 -0.00150036 ... -0.03290148  0.02278181 -0.01966669
-6.9976330e-04 -1.6699107e-02  6.2582847e-05 ... -1.0626502e-02 -2.6537267e-02 -4.2272698e-02
-0.00730081 -0.0017594  -0.00627836 ... -0.01522267 -0.00593042 -0.01741254
0.00033386 -0.03177874  0.00721592 ... -0.015886    0.02237665 -0.03152387
0.01057577 -0.0167922  -0.01640083 ... -0.02304191  0.01186127 -0.01392575
0.01607787 -0.01721988  0.01542439 ... -0.0406437   0.00024977 -0.00506875
0.00830852 -0.02778791 -0.00635385 ... -0.02836141  0.00853465 -0.02337148
-0.00227078 -0.02876333 -0.00172444 ...  0.02101424 -0.00050308 -0.02626004
-0.02337256 -0.01234822 -0.01032511 ... -0.03278498  0.02091223 -0.01209523
0.00087636 -0.01258019  0.01133295 ... -0.03546279  0.00692154 -0.02610408
-0.00298552 -0.03137005 -0.01916055 ... -0.04464616 -0.00604213 -0.01323605
0.00484693 -0.0174594  -0.00027359 ... -0.00399623  0.00599605 -0.00066454
9.5926196e-05 -1.4863958e-02 -2.2395775e-02 ... -3.2675456e-02 -1.3330595e-02 -1.1873125e-02
0.00434032 -0.02287523  0.00613431 ... -0.00596003 -0.00020239 -0.02516761
0.01358462 -0.02001736 -0.00135995 ... -0.02901401  0.02163217 -0.01554509
0.01091181 -0.0321048  -0.00573259 ... -0.05041434 -0.00140937 -0.01915356
-0.01664492 -0.02493957 -0.00634964 ... -0.0094593   0.01352935 -0.01848939
-0.02081108 -0.02066466 -0.00038565 ... -0.02707463 -0.01292006 -0.01422114
-0.01589765 -0.01960266 -0.01601799 ... -0.02204858  0.00984953 -0.01140295
-0.00184354 -0.01153762 -0.00304216 ... -0.03232078  0.00769805 -0.02926493
-0.01587823 -0.02097315 -0.01173939 ... -0.02009362  0.01423287 -0.01457102
-0.02600867 -0.04403853 -0.01019062 ... -0.03819973  0.02322742 -0.00538782
-0.02121188 -0.02576625 -0.01776828 ... -0.01462326 -0.02353716 -0.01515744
-0.00781226 -0.03862209 -0.00842684 ... -0.01655097  0.00565593 -0.02989215
0.00147727 -0.01274447 -0.00401558 ... -0.0346428  -0.01705479 -0.04723224
-0.01519823 -0.03320308 -0.01791826 ... -0.02390367  0.02507189 -0.00828077
0.00619406 -0.02211068  0.00312113 ... -0.01542018 -0.00515417 -0.02237442
0.00324964 -0.02026614 -0.00181216 ... -0.04310979  0.01175634 -0.01633091
-0.01756121 -0.04421361 -0.016835   ... -0.02587217  0.01413918 -0.02180562
-0.01950408 -0.01998968 -0.00628958 ... -0.0239247  -0.02088923 -0.00494077
-0.02798526 -0.00237059 -0.00158154 ... -0.01854794 -0.0055325  -0.00470085
-0.01308085 -0.03891953 -0.01725046 ... -0.05166712 -0.00647249 -0.01152291
-0.01209112 -0.02586041 -0.01561407 ... -0.02465144  0.01854498 -0.0242683
-0.01231388 -0.03056766 -0.00243017 ... -0.0175733   0.01682736 -0.02104811
-0.00289755 -0.00927381 -0.01106965 ... -0.02344986 -0.0008074  -0.02574219
-0.01561985 -0.01676064 -0.00052608 ... -0.01808645  0.01225118 -0.01727124
-0.01091054 -0.01388385 -0.00514373 ... -0.02800044  0.00201416 -0.02051053
0.01408548 -0.01990142  0.00263519 ... -0.02528801 -0.01248126 -0.0339242
0.00199721 -0.02728896  0.02348532 ... -0.02584644  0.00731254 -0.03798922
0.00070928 -0.04079931 -0.0083802  ... -0.02948744  0.00901456 -0.01769657
-0.00869905 -0.04603655 -0.01679547 ... -0.01362223  0.00598902 -0.03273583
0.00706056 -0.03971054 -0.00604103 ... -0.00547854 -0.0002839  -0.02718622
0.00093176 -0.0135479  -0.00702371 ... -0.01664883  0.00701596 -0.023348
-0.04003591 -0.00557973 -0.00187811 ... -0.00467773 -0.00781031 -0.02779833
-0.00111972 -0.0076313   0.01013691 ... -0.00511725  0.01142513 -0.03141233
-0.00470503 -0.0115513  -0.00365809 ... -0.04069658  0.0070862  -0.01464465
-0.0178354  -0.01746862 -0.01181909 ... -0.00652536 -0.01426662 -0.00308141
0.00019637 -0.02723271 -0.0182595  ... -0.02225286 -0.01098652 -0.0215177
-0.00534576 -0.02461128 -0.01965516 ... -0.01452849 -0.00672877 -0.03856632
0.00836586 -0.02248334 -0.01867635 ... -0.03379558 -0.00618017 -0.0302659
-0.00285563 -0.0412307  -0.01863685 ... -0.02033957  0.0170281  -0.04086313
-0.00539372 -0.02936095 -0.00422269 ... -0.00782556  0.00394342 -0.01998212
-0.00748518 -0.02887583 -0.01116939 ... -0.00271854  0.00116514 -0.02641151
-0.00510022 -0.042434   -0.00144743 ... -0.01610942  0.01351794 -0.03803189
-0.01005073 -0.02330103 -0.0335081  ... -0.02630188  0.03505497 -0.03339329
-0.01713459 -0.03043331 -0.02053895 ... -0.02626476  0.01061798 -0.0248718
-0.0043379  -0.02860912 -0.01297746 ... -0.02726479  0.0199178  -0.02586819
-0.02294061 -0.03080172 -0.00531546 ... -0.03301153  0.01228236 -0.01743951
0.02003639 -0.01954241  0.00787821 ... -0.01515452  0.00392241 -0.03374205
0.00843184 -0.01746707 -0.00422096 ... -0.02002104 -0.00503918 -0.01576695
0.01167078 -0.01736631 -0.00789407 ... -0.01173016 -0.00417491 -0.0347212
-0.00878709 -0.02628664 -0.00364453 ... -0.03296455 -0.01512686 -0.03408263
-0.00121376 -0.0232584  -0.00512993 ... -0.01352255  0.02164332 -0.02012131
0.00647358 -0.04421002 -0.01247683 ... -0.01958996  0.00882897  0.00224146
-0.00841416 -0.03515353 -0.01419973 ... -0.00955773  0.00125786 -0.03084038
-0.0072307  -0.01823532 -0.01139596 ... -0.01044683  0.01084704 -0.03079675
-0.00453616 -0.03198514 -0.0064058  ... -0.02080758 -0.00153662 -0.01467702
0.01091111 -0.02716487  0.00868816 ... -0.02216065  0.00190383 -0.0244681
0.00411974 -0.03723513  0.00110647 ... -0.02473428 -0.0039339  -0.02076023
-0.00298088 -0.03127982  0.01031431 ... -0.02083328 -0.00444347 -0.00382342
0.02242166 -0.01684713  0.00073889 ... -0.03543866 -0.00250511 -0.03383682
0.02257523 -0.01930571 -0.01528036 ... -0.01744357 -0.0055192  -0.00738313
-0.01702666 -0.01383993  0.00865018 ... -0.00464544 -0.01104441 -0.01949266
0.00306464 -0.01224657 -0.01244918 ... -0.01859721 -0.00172105 -0.04356968
0.00111986 -0.01522743  0.01174158 ... -0.00212802 -0.01111917 -0.0293652
0.00969172 -0.02152736 -0.00728482 ... -0.03348337 -0.00460445 -0.00585219
0.02950114 -0.0195084   0.00997315 ... -0.02525421 -0.00080047 -0.03285034
-0.00248879 -0.02666658 -0.00600405 ... -0.03352043  0.0111065  -0.02008881
0.00487693 -0.01992875 -0.0117695  ... -0.02038658  0.00921135 -0.0097874
-0.0016039  -0.01541728  0.00670094 ... -0.0287583   0.00132063 -0.02046241
0.00085457 -0.03876742  0.00811518 ... -0.00267569 -0.01007479 -0.04195642
-0.00525241 -0.04392364 -0.0034972  ... -0.00818513  0.00785039 -0.01501104
-0.01061488 -0.02496806 -0.01189834 ... -0.0142791   0.01350089 -0.02050387
-0.00552966 -0.03679745  0.00076589 ... -0.00767045  0.00715384 -0.0153918
0.01294021 -0.03234192 -0.01590937 ... -0.03356905 -0.0004013  -0.01156005
0.00512046 -0.02399327 -0.01693137 ... -0.03812397  0.01084348 -0.01900648
0.01415696 -0.03650016 -0.00856021 ... -0.0251151  -0.00525195 -0.01417563
0.00557883 -0.02781731 -0.00650609 ... -0.00936515  0.00130902 -0.01962354
-0.0066351  -0.01794589  0.01105993 ... -0.01145117 -0.01175996 -0.01416686
-0.0072349  -0.00680333 -0.01135974 ... -0.00091715 -0.01138667 -0.00262943
0.01629388 -0.02678778 -0.01388686 ... -0.02109716 -0.0097457  -0.02382277
0.01821054 -0.02625504 -0.02005042 ... -0.01420911 -0.00523338 -0.01916415
0.00572956 -0.01293497  0.00125353 ... -0.00958179  0.0045306  -0.0164566
0.01234927 -0.01194286 -0.01372068 ...  0.01370552 -0.01076363 -0.0214562
-0.00211858 -0.03860368 -0.00022862 ... -0.00445056  0.01966798 -0.038673
0.01760963 -0.01254629 -0.00844079 ... -0.00836778 -0.0086819  -0.02844874
0.0158469  -0.04733974 -0.02229963 ... -0.00340001  0.0133659  -0.03510229
-0.00587943 -0.03268125 -0.02833823 ... -0.01371455  0.01635321 -0.02213839
0.01831396 -0.03641708 -0.01319719 ... -0.00348749  0.0105985  -0.03099087
-0.00671417 -0.02055389 -0.00088031 ... -0.03642083  0.0048246  -0.03132876
-0.00050725 -0.03138887 -0.00961613 ... -0.02681465  0.01680892 -0.02105539
-0.00401875 -0.02069254  0.00246432 ... -0.00887222 -0.00781715 -0.02433385
0.00028022 -0.03215107 -0.01501047 ... -0.00971123  0.01810217 -0.01464233
-0.00684533 -0.03708362 -0.01397302 ... -0.0185205   0.00558104 -0.0348928
-0.01052548  0.00474766 -0.01137155 ... -0.01178211  0.002364   -0.01312993
0.00540246 -0.01645259 -0.0084809  ... -0.01483014 -0.00212748 -0.02398706
0.01326954 -0.02458848  0.01456675 ... -0.02408791  0.00625224 -0.02711637
0.00432445 -0.02659201  0.025517   ...  0.00800072  0.00474224 -0.02692391
0.00197876  0.01281954  0.00803065 ... -0.02438576 -0.00385402 -0.01417189
-0.00083629 -0.02861434 -0.00321939 ...  0.0017903  -0.02077229 -0.02578797
0.02097075  0.00618838  0.00150552 ... -0.02854496  0.00696207 -0.00404978
0.01018772 -0.0177751   0.00470546 ...  0.00382539  0.00348594 -0.01602283
-0.00816565 -0.01934112 -0.0101265  ... -0.0214561   0.00446284 -0.01608794
0.00296575 -0.02710737  0.00348525 ... -0.01827514 -0.0111936  -0.03864939
0.00092871 -0.02789108  0.00544283 ... -0.02289292 -0.01279185 -0.03234555
0.00659374 -0.03267934  0.00974546 ... -0.00534333 -0.00109565 -0.02123627
0.01444714 -0.02333257  0.01144892 ... -0.02527935 -0.00986528 -0.04016102
0.01274561 -0.0404424   0.00564058 ... -0.04055526 -0.00675641 -0.02507444
-0.01604486 -0.01918531 -0.01415238 ... -0.02908959 -0.01588076 -0.01742914
-0.01123064 -0.00648473  0.00463381 ... -0.00749854  0.01560751 -0.01446141
-0.0205363  -0.00858716  0.00462245 ... -0.00516814 -0.01327832 -0.00415021
-0.01077091 -0.01784772 -0.00540814 ... -0.01291947 -0.01736112 -0.0393583
0.00444076 -0.01888561  0.01573626 ...  0.00364645  0.01865859 -0.03111275
0.00816516 -0.01005226  0.01495049 ... -0.00558009 -0.00939813 -0.01988464
0.00208606 -0.02116699  0.00091105 ...  0.00243056 -0.00346541 -0.0226161
0.00187974 -0.02089882 -0.00086913 ... -0.01210069 -0.02398657 -0.04169579
0.00331636 -0.01196127  0.00162544 ...  0.00918719 -0.00054956 -0.04133691
7.3322770e-03 -4.1271918e-02 -8.4082605e-03 ...  2.6086178e-05  1.1165539e-04 -3.3720482e-02
-0.00811287 -0.00942584  0.01401498 ... -0.0270686   0.00138769 -0.02413065
-0.00261254 -0.02377172  0.00219823 ... -0.00055094 -0.00925278 -0.03526774
-0.01039298 -0.01319372  0.00952267 ... -0.01570832  0.00339009 -0.03102108
-0.00196134 -0.01763228 -0.00339823 ... -0.01782843 -0.0120113  -0.03455385
-0.01476331 -0.02603174 -0.01732576 ... -0.00949323  0.01983507 -0.02562981
-0.01037152 -0.01894474  0.00248947 ... -0.00666647  0.01082039 -0.02806531
-0.00122097 -0.03020977  0.00598276 ... -0.00715064  0.01481422 -0.01997054
-0.010682   -0.04204582 -0.01230832 ... -0.01828484  0.00269674 -0.01317041
-0.01324383 -0.016507   -0.01166839 ... -0.0149358   0.00143158 -0.0101855
0.00026462 -0.03038618  0.01568711 ... -0.01719701 -0.00113716 -0.0077206
0.00111681 -0.03538749  0.0006685  ... -0.00489605  0.00409091 -0.03167872
0.01123706 -0.02345504 -0.01105462 ... -0.0269433  -0.00686226 -0.02878586
-0.01511945 -0.02155783  0.00469511 ... -0.01480326  0.00799593 -0.03538436
-0.00988278 -0.02309484 -0.00651265 ... -0.01280621  0.0009047  -0.01778288
-0.01617778 -0.0221129  -0.0076092  ... -0.03177385 -0.00246628 -0.01659902
-0.0105591  -0.02129169 -0.02453308 ... -0.03062689 -0.00518211 -0.01683242
-0.00630435 -0.0239357  -0.01545473 ... -0.00833675  0.00203677 -0.01592121
0.0097505  -0.02388455 -0.00797263 ... -0.02219105 -0.0028926  -0.03442416
-0.00075154 -0.01948433  0.00375702 ... -0.01237213 -0.00408881 -0.04254586
0.0009962  -0.03265508 -0.00100998 ...  0.00293518 -0.00322226 -0.0444875
0.00654963 -0.03264186 -0.011216   ... -0.01890179 -0.00514938 -0.03615563
0.00709735 -0.03969591 -0.00135672 ... -0.03215175  0.00725796 -0.03182064
-0.00644601 -0.02563309 -0.01468006 ... -0.01864837 -0.00172257 -0.01389588
-0.01303009 -0.00328269  0.02132509 ... -0.02001897 -0.0045198  -0.01006453
-0.0195824  -0.01200752  0.01533555 ... -0.01149858  0.00917217 -0.00798167
-0.02770426 -0.01860716 -0.02117239 ...  0.00617169  0.00239104 -0.02771081
-0.01366288 -0.02578416  0.00574654 ...  0.00019606  0.02738909 -0.03221278
