-0.02396373  0.01602475 -0.01293746 ... -0.02217566 -0.00205017  0.00454386
-0.00847768  0.03173135  0.00024799 ... -0.01703826 -0.01825981 -0.02104876
-0.00702198  0.00783987  0.00825531 ... -0.0381812  -0.00466189 -0.01946948
0.00197185 -0.05171597 -0.01335004 ...  0.00703736  0.01277582 -0.01108821
-0.02226274  0.00623797  0.01095319 ... -0.03670049  0.00228822 -0.01775079
-0.01312547 -0.03451396 -0.00316288 ... -0.01726872 -0.03604686 -0.01219846
-0.01654666 -0.02279095  0.00781912 ...  0.00231013  0.03946502 -0.02622419
-0.01322973 -0.01888844 -0.00486229 ... -0.02336541  0.00492714 -0.00615612
0.01660242 -0.02359506  0.01496799 ... -0.0262461   0.00408067 -0.03544197
0.00490257 -0.03641939 -0.01850996 ... -0.02014532 -0.01047101 -0.01031246
-0.0026469  -0.01384685 -0.03178353 ... -0.05044195  0.01097035 -0.01075235
-0.01220682 -0.03586769  0.00054952 ... -0.03166979 -0.01023802 -0.0081464
0.00167488  0.00499204 -0.02311859 ... -0.02047993 -0.02267464 -0.0217231
0.007979    0.0397839   0.0066364  ... -0.05468538 -0.01650101  0.0246712
-0.01720019 -0.02800736 -0.02506394 ... -0.05088707  0.00168193 -0.03127494
0.0125303  -0.02866717  0.0077232  ... -0.00117965 -0.01420548 -0.01352757
-0.00101579  0.00023952  0.02096954 ... -0.00245249 -0.01410348 -0.0213529
0.00085624 -0.00813297 -0.01641214 ... -0.03827225  0.00980277 -0.02632214
-0.01298427  0.00270227 -0.0163494  ... -0.00576551 -0.02105611 -0.0109104
0.00886664 -0.01125666 -0.00478701 ... -0.02715675 -0.01015488 -0.02657142
0.017213    0.00299474 -0.0048188  ... -0.03949691  0.00288094 -0.00012602
0.01443639 -0.0148119  -0.00867504 ... -0.01135589  0.00391526 -0.02182316
-0.00360811 -0.01286871 -0.01244556 ... -0.01312311  0.02596698 -0.00121891
-0.00159467 -0.02787421 -0.00023274 ... -0.00459943 -0.01040477 -0.01287019
-0.01208189 -0.01925813 -0.02406591 ... -0.02154204 -0.02710425 -0.03491909
-0.00773308 -0.02617259 -0.01685959 ... -0.01319509 -0.0107074  -0.0162954
-0.01170853 -0.02192434  0.00480838 ... -0.01558978  0.0076067  -0.01145589
0.00432773 -0.02446205 -0.02495333 ... -0.0211451   0.02072698 -0.0334898
-0.01432262 -0.00505511 -0.03382833 ... -0.02066221 -0.00120599 -0.03002281
-0.02895346 -0.02102338 -0.01392225 ... -0.00702499  0.00551105 -0.01047859
-0.01732735 -0.01794738 -0.02538868 ... -0.02009222 -0.00324615 -0.01479985
-0.00274163 -0.02430587 -0.02611534 ... -0.02467899 -0.00624012 -0.01380758
-0.00261976 -0.01912285 -0.00779333 ... -0.01903901 -0.00609899 -0.00278928
-0.00067037 -0.00733074 -0.02234534 ... -0.0225125   0.021978   -0.01577947
-0.01935609  0.0170709  -0.02330751 ... -0.0061469  -0.01541718 -0.01452726
0.02831502 -0.02387686 -0.0165849  ... -0.00552475 -0.00544029 -0.02654564
0.01219872 -0.0257431  -0.02710776 ... -0.00331334 -0.02037582 -0.03590718
-0.00614269 -0.03033486 -0.03200766 ... -0.03033859  0.01085133 -0.02598182
0.00215834 -0.02258794 -0.0176932  ... -0.02557429  0.0237085  -0.0157064
-5.3832815e-03 -2.4802497e-02  4.8276859e-05 ...  3.6952361e-03  3.7041018e-03 -8.3165877e-03
-0.00415887 -0.01461995  0.00807978 ... -0.04213811  0.01822166  0.01067509
-3.81043227e-03 -1.39507987e-02  1.35224620e-02 ... -1.42725585e-02 -2.13655289e-02 -1.16123567e-06
-0.01411505 -0.04342218 -0.01466892 ... -0.01206212  0.01432714  0.00854065
-0.00014855  0.00602915 -0.00687467 ... -0.03387182 -0.02275608  0.00334826
-0.03247867 -0.0102495  -0.02890948 ... -0.03198776 -0.02807771 -0.01085592
-0.01179398 -0.00806992  0.01040762 ...  0.0002081   0.00534331 -0.02591785
-0.01357543  0.00497188 -0.01933773 ... -0.04742472  0.01044601 -0.00857287
0.00310486 -0.00616496 -0.00875124 ... -0.0369297  -0.02285081 -0.00814968
0.00128885 -0.01983623 -0.01432352 ... -0.03625559 -0.00410126  0.01146374
-0.02907043  0.02491244 -0.0268779  ... -0.02493332 -0.00248211 -0.00711975
-0.00761031 -0.02360681 -0.01705501 ... -0.00509692 -0.00708737 -0.00879341
0.00296122 -0.02726697 -0.02593911 ... -0.03405109 -0.00014855 -0.02495313
0.00078604 -0.05100773 -0.03642806 ... -0.02234093 -0.00254984 -0.0153635
-0.0105716  -0.02375467 -0.00751819 ... -0.02883234 -0.02555143 -0.02094763
-0.0075606  -0.01488838 -0.01693922 ... -0.0253459  -0.01528534 -0.01980472
0.00823879 -0.03588626 -0.03211489 ... -0.03689642  0.01930991 -0.00206272
0.01435007 -0.01894735 -0.01948078 ... -0.00880337 -0.00612719 -0.01146224
-0.01053064 -0.01962181 -0.03941974 ... -0.03863508  0.00313834 -0.00460781
0.01036354 -0.02799626 -0.0083079  ...  0.00048435  0.00934313 -0.00553306
0.0133777  -0.03488478 -0.00731515 ... -0.01323001 -0.01859257 -0.01557521
0.0197802  -0.01062465 -0.01730007 ... -0.02774758 -0.00454648 -0.04186041
-0.00061894 -0.01280007 -0.01792807 ... -0.01537952  0.00866797  0.00799983
-0.03715863  0.00709047 -0.02429918 ... -0.03294326  0.00161785  0.01851105
0.00612449 -0.00855026 -0.01478944 ... -0.03278608  0.02510771 -0.02016903
-0.0049276  -0.00787427 -0.01223048 ... -0.02144164  0.02310503 -0.00429387
-0.00450222  0.00234224 -0.03479048 ... -0.02961246 -0.0141779  -0.01929938
0.01545344 -0.03314229 -0.02537843 ... -0.03358761  0.02309653 -0.00627015
0.02792827  0.02011554 -0.01814891 ... -0.01512998 -0.02614813 -0.01417587
0.00504231  0.01661576 -0.00207963 ... -0.05027448  0.00039636  0.00426839
0.00161246 -0.00755007 -0.00424797 ... -0.02408078  0.02104675 -0.00367281
0.01157168  0.01926193 -0.04023026 ... -0.01266879  0.03479714 -0.00732052
0.01754926 -0.03310975 -0.01233664 ... -0.01980151  0.00201996 -0.00829197
-0.00053938 -0.00682587 -0.00567045 ... -0.00527006  0.01717871  0.01175866
0.01060272 -0.01017016 -0.00715444 ...  0.0057718   0.00762675  0.01101396
-0.0212503  -0.03093897 -0.01623663 ... -0.02015398  0.02439417 -0.0160347
0.01183458 -0.01309011 -0.0208996  ... -0.00653408 -0.00569141 -0.00625175
-0.02251167 -0.02727743 -0.03583242 ... -0.02282829  0.03048937 -0.00561738
0.00945274 -0.00625036 -0.03062782 ... -0.03197511 -0.00551004 -0.02505461
-0.023101   -0.02127805 -0.02983153 ... -0.02855372  0.01283759 -0.01163512
-0.00523542 -0.01303461 -0.00087086 ... -0.03025073 -0.02710398 -0.00135724
0.02127635 -0.01233541  0.00217875 ... -0.02876477  0.0119496  -0.0233117
0.01717276  0.01086092 -0.03036145 ... -0.03037508  0.02966231  0.00113268
-0.00284344  0.0027976   0.00734704 ... -0.0422757  -0.02552763 -0.04652378
0.02037861  0.00360543 -0.00667313 ... -0.04396373  0.00049107 -0.01332748
-0.00691511 -0.02430193 -0.02153461 ... -0.04020892 -0.01120035 -0.00959318
-0.01036136  0.00075636 -0.0439459  ... -0.01441955 -0.00640034  0.01364583
-0.01939334 -0.00992507  0.02988748 ... -0.00704428  0.01334505  0.00573857
-0.00362598 -0.01515891 -0.02398583 ... -0.01362945 -0.00526572  0.02986466
-0.00909486 -0.0244124  -0.03854989 ... -0.02855798 -0.00920931  0.00695973
-0.00779269 -0.0490883  -0.00898692 ... -0.02069507  0.00375667 -0.01997185
-0.0240018  -0.00813844 -0.02447036 ... -0.02010205 -0.01848661 -0.01306546
0.02468351 -0.01103994 -0.02579362 ... -0.02025655  0.01380028  0.00797104
-0.01818402 -0.01281162 -0.0061703  ... -0.00097483  0.03385616 -0.03135709
0.00388878 -0.0153944  -0.00951464 ... -0.04011153  0.00989053 -0.00631171
0.01679588 -0.03185946 -0.00418137 ... -0.00960882  0.00364756 -0.03199282
0.00518083 -0.05065667 -0.03366902 ... -0.03329036  0.02662463 -0.01184275
-0.01153218 -0.020168   -0.01773065 ... -0.02475173  0.02122103 -0.01210544
-0.0232662  -0.0004989  -0.01694296 ... -0.00044238 -0.00278019 -0.01917232
-0.02841993 -0.0315373  -0.01238368 ... -0.01459052  0.00573522 -0.01302019
0.0059171   0.00099067 -0.00083315 ... -0.03505951 -0.02409045  0.00959729
-0.00128413 -0.01951896 -0.02187147 ... -0.00904623  0.00710328 -0.0222951
0.00847925 -0.02745371 -0.00380013 ... -0.02688892  0.03687219 -0.03232604
-0.00824189  0.01015579 -0.01420536 ... -0.01945814 -0.00909774 -0.02106595
-0.00677758 -0.00431713 -0.0159268  ... -0.02292536  0.03545019  0.00092125
-0.0006534   0.01637664  0.01323825 ... -0.00876062  0.02545173 -0.00106747
0.00723653 -0.03022192 -0.01151772 ... -0.04005769  0.00394518 -0.01414934
-0.00634051 -0.00890775 -0.01802506 ... -0.00757882  0.03824437 -0.02747627
0.00294626 -0.01167039 -0.00508724 ... -0.0071844   0.02177784 -0.01368042
-0.00945198  0.00130876 -0.00657906 ... -0.02534118 -0.00903102 -0.00846624
0.04297256 -0.01611476 -0.01135873 ... -0.02623912 -0.01364422  0.01686423
0.00524124 -0.04461154 -0.00503496 ... -0.01279092 -0.01954639 -0.02016034
0.0173749  -0.0174293  -0.02635269 ... -0.0440283   0.01980194 -0.00862985
-0.00378175  0.00086024 -0.01093772 ... -0.01579814  0.03413463 -0.01250971
1.0090361e-04  2.1593925e-04 -2.8847218e-02 ... -1.7838720e-02 -6.7809757e-05 -7.9244794e-03
0.00256843  0.00050384 -0.00980076 ... -0.021696   -0.02000587 -0.02333027
-0.00301266  0.01128103 -0.00973764 ... -0.03620102 -0.00495134 -0.01472804
-0.00965811 -0.02093356 -0.01462517 ... -0.01856452  0.01406666 -0.01585023
-0.00853422 -0.01190014  0.00087969 ... -0.02574727  0.01656544 -0.01994002
0.01134637 -0.01587847 -0.03047462 ... -0.03580438  0.01240401 -0.01126838
-0.0049665  -0.02330576 -0.00631077 ... -0.01972083 -0.00039121 -0.01965911
0.01355847 -0.01529406 -0.01308246 ... -0.02626472  0.01139947 -0.0052567
0.01244628 -0.02287556 -0.00025332 ... -0.0080381   0.02023663 -0.01614601
-0.01340709 -0.00414367  0.00417357 ... -0.02770231 -0.02952446 -0.00831699
0.01262317 -0.02316763 -0.03207683 ... -0.02442964  0.00035473 -0.02091049
-0.00379718  0.00193264  0.00088711 ... -0.0219817  -0.01314079 -0.00619147
0.03779434 -0.01192925 -0.00314198 ... -0.02383042  0.01332817 -0.03132574
-0.01050317 -0.00757013 -0.01803728 ... -0.02372148 -0.00231297 -0.01331984
-0.00792348 -0.01600249 -0.01291983 ... -0.02646242 -0.0156313  -0.03910539
-0.02358687 -0.0140511   0.00265502 ... -0.00199937 -0.0193754  -0.01734854
0.0228406  -0.02747568  0.00212268 ... -0.03832154  0.00877807 -0.01350556
-1.1173500e-05 -1.5720129e-02 -7.6372530e-03 ... -4.2678746e-03  8.1456453e-03 -2.5882572e-02
-0.029921    0.01365497 -0.00866849 ... -0.0090275  -0.01033558 -0.01481344
-0.01110813 -0.00802788 -0.00884265 ... -0.01608578 -0.00263978 -0.02290722
0.02577247 -0.00814318 -0.02425279 ... -0.02828334  0.01151631  0.00268296
0.00483669  0.00366421 -0.00948945 ... -0.00794975 -0.0042209  -0.01704885
0.00287062 -0.00494614  0.00626104 ... -0.02671799 -0.0015505  -0.01157102
0.026405   -0.02047551 -0.01792759 ... -0.02030344 -0.00062771 -0.01232706
0.00814228 -0.01888281 -0.02565848 ... -0.03856814  0.0083408  -0.00699718
-1.9475948e-02  9.3660092e-05 -5.2580927e-03 ... -1.0646865e-02 -2.1954201e-02 -5.6381742e-03
0.00614301 -0.03730871  0.00286706 ... -0.0113242  -0.01362043 -0.00444092
0.00541251 -0.00706195 -0.01089366 ... -0.0225852   0.00495969  0.00356503
-0.02475172 -0.0235253  -0.02238829 ... -0.02057924 -0.00626164 -0.01355589
-0.01035752 -0.01826692 -0.01742688 ... -0.01773284 -0.01841657 -0.01221616
-0.02596785 -0.00484864  0.00211137 ... -0.00555557 -0.02756232 -0.0130335
-0.01895168 -0.01039138  0.00992405 ... -0.04702717 -0.03433326  0.00331801
-0.02214531 -0.00598734 -0.00247298 ...  0.00558103 -0.03033837 -0.02200086
-0.0535758   0.01266774 -0.02318947 ... -0.00427096 -0.01758604 -0.00947141
0.01214061 -0.02292193 -0.0211162  ... -0.01860102 -0.00623801 -0.0195112
0.01905343  0.01048527  0.00163045 ... -0.01187838 -0.00221175 -0.00295838
0.00460125 -0.02004449 -0.0035305  ... -0.02612843 -0.03425626 -0.01132112
-8.0740154e-03 -7.2959396e-05 -3.1327970e-02 ... -1.6790889e-02  1.5883850e-02 -4.0393048e-03
-0.00918024  0.01277397 -0.00546416 ... -0.026767   -0.01526565 -0.01035396
-0.01033786 -0.01611364 -0.00821144 ... -0.02581884 -0.02108455 -0.02583621
-0.01799014  0.01722427 -0.02359199 ... -0.02673145 -0.01450219  0.00704895
-0.02304804 -0.02353247  0.0060992  ... -0.01576939  0.00585665 -0.01988015
0.01450465 -0.02880888 -0.01401484 ...  0.00483036 -0.00680356 -0.03327271
-0.00226373 -0.01433844 -0.02349808 ... -0.03394857  0.01862608 -0.02212122
-0.0045846  -0.02485754 -0.03075586 ... -0.01100506  0.01341376 -0.02653107
0.00130925 -0.00273781  0.00780227 ... -0.00724713  0.00073105 -0.03432562
-0.01242102 -0.02622496 -0.01878944 ... -0.02821197  0.0009494  -0.0058678
-0.03395976 -0.00416721 -0.03754147 ...  0.0156538  -0.03294459 -0.01152917
-0.00409683 -0.01946203  0.00751184 ... -0.04133991 -0.00825769  0.00514904
-2.9102996e-02 -1.1346651e-02 -2.3957655e-02 ... -1.2050380e-02  9.8433774e-03 -2.6941601e-05
0.00714616 -0.03864106  0.0213216  ...  0.00849014 -0.01695858 -0.02237377
0.01660293 -0.01960511  0.01922606 ... -0.01180768 -0.01912028 -0.00912813
0.00767656 -0.02020468  0.00095707 ... -0.01577065 -0.03022221 -0.02417152
0.01923871 -0.02246046 -0.00775304 ... -0.03333414 -0.01867535  0.00217318
-0.01069253 -0.0065435   0.00878089 ... -0.0197566   0.00978162 -0.01330093
-0.00329726  0.00422387  0.00412377 ... -0.02568754 -0.00256266 -0.01735727
-0.01195067 -0.04007767 -0.01833053 ... -0.01373557 -0.00272076 -0.00534351
-0.00268207 -0.0227839  -0.01872749 ... -0.02938632 -0.01803882 -0.01358367
0.00186047 -0.03456298  0.00316645 ... -0.02859765  0.0341197  -0.01636725
0.00914931 -0.01388388 -0.03735794 ... -0.03171451 -0.00393323  0.00181223
0.01127199 -0.04379272 -0.01430147 ... -0.01664604 -0.01338524 -0.0379826
-0.01665484 -0.01262543  0.00679287 ...  0.00706699 -0.00135323 -0.03505955
-0.0137528   0.0104516   0.00969049 ... -0.00301229 -0.01109312 -0.01507881
0.01087112  0.00553135 -0.00357791 ... -0.02517916 -0.01620928 -0.02778908
-0.0043053  -0.00422272 -0.00039557 ... -0.02777153  0.00222226 -0.01596627
0.00788822 -0.01430559 -0.00780497 ... -0.02405627 -0.00626011 -0.01996743
-0.00118927 -0.01248412 -0.01029951 ... -0.00997609  0.01825047 -0.01494975
-0.01714389  0.01741669 -0.02968506 ... -0.03502507  0.00625888  0.00830327
-0.00639205 -0.0162303  -0.01038787 ... -0.02858543 -0.00895514 -0.02615594
0.00220796 -0.03138471 -0.01852356 ... -0.03483624  0.01240736 -0.01982344
0.00262606 -0.02725555 -0.02279722 ... -0.00292458 -0.02431478  0.00536612
-0.0322815  -0.01580927 -0.02153774 ... -0.03029519  0.00542686 -0.01062105
-0.0118812  -0.01525237 -0.03106203 ... -0.02205891  0.02119671 -0.0203534
0.0168323   0.01076535  0.00136449 ... -0.03445631  0.01367001 -0.01549228
-0.00020231 -0.02468367 -0.02173399 ... -0.02982517  0.008937   -0.03176695
0.00028814 -0.01555672 -0.01863841 ... -0.02021574 -0.00187229 -0.04260465
-0.00674682 -0.01035888 -0.01556085 ... -0.00478774  0.01138594 -0.00762824
0.02404295 -0.0210574  -0.01415771 ... -0.01562582 -0.00207901 -0.02442526
-0.00500668 -0.01843819  0.00496811 ... -0.04186006  0.02224221 -0.03363114
-0.0254019  -0.01599954 -0.01877325 ... -0.02047997  0.0099899  -0.01595404
-0.02625292 -0.01175556 -0.03888577 ... -0.02612732  0.02516141 -0.02304612
-0.00973226 -0.03598611 -0.01447998 ...  0.00108011 -0.00857033  0.01422899
0.02028216 -0.01588501 -0.02862715 ... -0.01881319  0.01999145 -0.02005892
-0.03920643  0.01050349  0.02190169 ... -0.01785043 -0.00452491 -0.01175857
0.03329455 -0.00184932  0.00981377 ... -0.02047218 -0.04321236  0.00283285
0.005247    0.01380527  0.00990986 ... -0.02208599  0.00066037 -0.02641265
0.00104791 -0.00802988 -0.0195961  ... -0.02667427  0.01055849 -0.00571199
0.00212982 -0.02160549 -0.03740223 ... -0.02046807 -0.00675418  0.00469732
0.02008473  0.01472906  0.00792804 ... -0.02973315 -0.00093218 -0.02672791
0.00882124 -0.00861552 -0.0221579  ... -0.03100214 -0.02120923 -0.00533429
0.00417128 -0.02403703 -0.01020407 ... -0.00521897 -0.02136162 -0.03010526
0.01904897 -0.00357187 -0.01933254 ... -0.00873416  0.00254971 -0.00232878
0.00756243 -0.02285268 -0.01716032 ... -0.04351687  0.02357337 -0.01655109
0.00654824 -0.01280203  0.0013977  ... -0.0410121  -0.02255014 -0.00647245
0.02974205 -0.01800511  0.02620137 ...  0.0089587   0.00085105 -0.02037632
-0.00330579 -0.03537607  0.00085231 ... -0.00996395 -0.02063014  0.00630132
0.00392497 -0.0238373  -0.0014632  ... -0.03435335  0.00607032 -0.01967805
-0.00269602 -0.01867308  0.00713339 ... -0.02077222 -0.00680884 -0.02445655
-0.00061669 -0.01176331  0.01122963 ... -0.01611692  0.00140883 -0.0296508
-0.00025538 -0.00554911 -0.00065954 ... -0.02075228  0.01387618 -0.02425304
0.01534416 -0.03003034 -0.01261327 ... -0.01187199 -0.01161878 -0.02682361
0.01154759 -0.02293971 -0.00831914 ... -0.00960112 -0.01145891 -0.01874154
0.00385463 -0.02251331  0.01518265 ... -0.00769427  0.0048255  -0.03104447
0.00793831 -0.03097036 -0.01925607 ... -0.02237036 -0.0150323  -0.01548492
0.00160402 -0.01387076  0.00340559 ... -0.00428288  0.02200485  0.00390108
-0.01290931 -0.0024247  -0.01704258 ... -0.01758253  0.02976831 -0.00904844
-0.02257265 -0.00821806  0.00010051 ... -0.0221753   0.01545479 -0.01681469
0.00592736 -0.03504711 -0.01799171 ... -0.02230237  0.00857215 -0.01358689
0.02079883 -0.01572153 -0.00234327 ... -0.02471676 -0.00698194 -0.00100472
-0.01390314 -0.02900866 -0.0184863  ... -0.03133346  0.00952734  0.00267594
-0.01726409 -0.04096132 -0.02539546 ... -0.02013768  0.01173552 -0.01306909
-0.02652508 -0.01792296  0.01896306 ... -0.03197667  0.00746535 -0.01490626
-0.01380603 -0.00805495  0.00373147 ...  0.01109408  0.01112515 -0.02879041
-0.03187488 -0.00189258 -0.02375086 ...  0.00277537  0.00773904 -0.03927755
-0.00923824 -0.00076617 -0.00809222 ... -0.01941463 -0.00072807 -0.01716772
-0.02201392 -0.01144971  0.01573269 ... -0.00049817 -0.00321703 -0.02019959
0.00391853 -0.01939177 -0.01979089 ... -0.02497345  0.0072216  -0.02800445
0.01341775 -0.03660032  0.00543987 ... -0.02238134 -0.00108888 -0.0319819
0.00491323 -0.02371431  0.01136787 ... -0.01356157  0.01400474 -0.03198909
-0.00527855 -0.0343497   0.00951383 ...  0.01685589 -0.02509444 -0.00982578
0.00688102 -0.00678028 -0.00846092 ... -0.02641193 -0.02590416 -0.0140016
0.01680216 -0.02457884 -0.00544232 ... -0.03549597 -0.00837554 -0.03209337
0.00796068  0.0018625  -0.00673607 ... -0.00474515 -0.0065052  -0.02077372
0.00961272  0.0022219  -0.03013124 ... -0.03155602 -0.01927153 -0.00734365
0.00366077 -0.03182573 -0.01570932 ... -0.00022894 -0.01027444 -0.01061158
-0.00925993 -0.03231779 -0.02391063 ... -0.01286017 -0.00643017 -0.00454182
-0.00493218 -0.02702015  0.00289339 ... -0.03588062 -0.02548358 -0.00421979
0.01182027 -0.02390203 -0.00741261 ... -0.02231787 -0.01883135 -0.00584126
-0.02647451 -0.04421011  0.00085914 ... -0.01402351  0.00426388  0.00379523
0.00274731 -0.01900695  0.00289841 ... -0.00089971 -0.00692236 -0.01974166
0.00500436 -0.00599599 -0.0221068  ... -0.03362869 -0.01491074 -0.00947031
0.00803857 -0.01774878  0.00358858 ... -0.00632544  0.02914843 -0.03127502
0.01897148 -0.0300544  -0.04252773 ... -0.02768699  0.00104476  0.01595747
0.00905916 -0.01047962 -0.00518458 ... -0.0151812  -0.01084053 -0.01605186
-0.01501193 -0.00862431 -0.01453803 ... -0.01359269 -0.02039726 -0.03544521
0.01003426 -0.01846159 -0.01487213 ...  0.00212171  0.00498207 -0.01877468
-0.02133557 -0.01544393 -0.04731891 ... -0.0288774   0.02340065 -0.00588346
0.00512506 -0.00085674 -0.01949858 ... -0.01961886 -0.01458438 -0.01113414
-0.00174642 -0.02610533 -0.02249305 ... -0.0052875  -0.00516728 -0.02660504
-0.00832461 -0.01394583 -0.00040043 ... -0.00587466  0.01741697 -0.0105059
-0.00275606 -0.0266819  -0.00771098 ... -0.00814441 -0.00793025 -0.01231354
0.02415163 -0.03034962 -0.0165901  ... -0.02598202 -0.01045273 -0.03298617
-0.01644816 -0.00495139  0.00593338 ... -0.02234615 -0.00376829 -0.00797251
-0.01350625 -0.00587126  0.00100964 ... -0.04092873  0.0252333  -0.01392859
0.00654856  0.01254143  0.00271768 ... -0.02665558 -0.00969885 -0.02334514
-0.00038492 -0.01559332 -0.00318841 ... -0.02218105 -0.02913622 -0.02849389
-0.00206712 -0.02148421 -0.020622   ... -0.02614841 -0.03941269 -0.00577216
-0.01150633 -0.00126741 -0.04025744 ... -0.01703613 -0.00281129 -0.01249091
0.0014051  -0.0108303   0.00289474 ... -0.02844613 -0.02029064 -0.00662245
0.03076896 -0.01174153 -0.00465896 ...  0.00353081 -0.01000999 -0.02237463
0.01204757 -0.0274356  -0.01397735 ... -0.00665229 -0.01250047  0.00108341
-0.00538146  0.0178276  -0.00462573 ... -0.00033925 -0.00187531 -0.01553433
0.01137485 -0.03111754  0.00047014 ... -0.03010462 -0.00790358 -0.02741356
-0.01988319 -0.0067377  -0.0073357  ... -0.00747832 -0.01040492 -0.03247821
-0.00014685  0.00220256 -0.02536923 ... -0.00884965 -0.03259646 -0.03417192
-0.00334716  0.01079806 -0.00366497 ... -0.02633875 -0.03229707 -0.02612332
-0.00645466 -0.00282056 -0.00760023 ... -0.03722545  0.02139195 -0.02489528
-0.02088835 -0.01563007 -0.00599014 ... -0.01824799 -0.00811891 -0.02282547
-0.00548529 -0.01650517 -0.00486939 ... -0.00824901 -0.04337     0.0049523
-0.00319961 -0.02290337  0.00152349 ...  0.00287334 -0.03216473 -0.02154898
-0.0146841  -0.01799287 -0.02232271 ...  0.00615319  0.03614458 -0.01800272
-0.00341429  0.01989985  0.02382217 ... -0.01771934 -0.00929493 -0.01794514
-0.00251106 -0.01131786 -0.01971803 ... -0.02493809 -0.02003268 -0.00792772
-0.00047597 -0.01762594 -0.02678519 ... -0.03995519  0.01901718 -0.04590196
0.00735945 -0.00460962  0.0038957  ... -0.02786136 -0.01876556 -0.03222075
-0.01855963 -0.02226085 -0.02351424 ... -0.01330269 -0.01099492 -0.01841849
-0.00267652 -0.00626889 -0.00440773 ... -0.00362546 -0.00288367 -0.02822929
-0.00666832  0.00288227 -0.01982044 ... -0.02804629  0.00337532 -0.00919514
-0.00230954  0.00388738 -0.00644654 ... -0.02855431 -0.011575   -0.00399728
-0.00039604  0.01603448 -0.00027245 ... -0.02876883  0.00082078 -0.0053056
-0.02012231 -0.00207778 -0.0053723  ... -0.01035839 -0.00969713  0.00795238
-0.01905191 -0.04407581 -0.02028817 ... -0.04735803  0.00848182 -0.01293863
0.03422198 -0.01647355  0.00212557 ... -0.0194547  -0.01678583  0.00518537
-0.00381575 -0.0002418   0.00433283 ... -0.01469302 -0.02208418 -0.02558177
-0.00378983  0.00587195 -0.02341662 ... -0.03252365 -0.00946704 -0.01255952
0.00355198 -0.03280481 -0.00766347 ...  0.01201506 -0.01247929 -0.01276442
0.00351836 -0.01650239 -0.01755677 ... -0.01533113 -0.00459053 -0.02320333
0.01477976 -0.01488805 -0.00983829 ... -0.01416628  0.00048261 -0.0261202
-0.01300511 -0.02049316  0.00186626 ... -0.00472838 -0.01423154 -0.0230567
0.00281444 -0.01767134  0.00076533 ...  0.02961611  0.01066788  0.01190728
0.00015131  0.00245838 -0.0109239  ... -0.03883646 -0.00190524 -0.03448836
-0.01207525 -0.00308456 -0.00342576 ... -0.01079889 -0.00750897 -0.03672618
0.02829129 -0.03116038 -0.00718432 ... -0.02019583 -0.00281387 -0.02934306
-0.01178652 -0.02837545 -0.00682264 ... -0.02663109  0.01070654 -0.01687094
0.00301649 -0.03212732 -0.0003736  ...  0.00375237 -0.01590586 -0.01645714
0.00340558  0.01179417 -0.00592214 ... -0.00765932 -0.01589287 -0.01863474
0.00682391 -0.00550914 -0.00916324 ... -0.01801281  0.02614822 -0.0049631
-0.00864717 -0.00848064 -0.02223496 ... -0.00687221 -0.01100991 -0.00580453
-0.0108562  -0.03541004 -0.0162825  ... -0.01956627 -0.011545   -0.03737456
0.00390199 -0.02092465 -0.0369898  ... -0.01088576  0.02729047 -0.03269723
0.02821732 -0.03866044 -0.00653188 ... -0.03798164  0.00480084 -0.01602206
0.02361762 -0.03703975 -0.01773091 ... -0.02769563  0.00544998 -0.02318445
-0.00272524 -0.01818421 -0.01999209 ... -0.01914354 -0.03387775 -0.01672958
-0.00484845 -0.00820397 -0.03065232 ... -0.02713395 -0.00062204 -0.00638143
0.02213973 -0.01643982 -0.01820944 ... -0.03920332  0.02348622 -0.02369278
0.01826906 -0.03648638 -0.00726745 ... -0.01300798 -0.04215774 -0.01033041
0.01802737 -0.01380219 -0.02542741 ... -0.00888097 -0.01262163 -0.0138964
0.00857232 -0.00905572  0.0127115  ... -0.00294768  0.00194807 -0.00161062
0.01670928 -0.00402348 -0.02731718 ... -0.01803281 -0.00762653 -0.00216441
-0.01971855 -0.00924013 -0.02273183 ... -0.01717925  0.01206509 -0.01383477
0.01764738 -0.00630084 -0.01121121 ...  0.0069344  -0.01463478 -0.01606627
-0.01086288 -0.01015242 -0.02511944 ... -0.00355736 -0.0181891  -0.00729049
0.00020841  0.00487497 -0.03072509 ... -0.04706665  0.00152555 -0.012876
-0.00748086 -0.01322139 -0.02378848 ... -0.03463863 -0.01216338 -0.02469618
-0.04193702 -0.00801444 -0.0084018  ...  0.00726445 -0.01097062  0.01381468
0.00039535 -0.00853411 -0.01943574 ... -0.01151162 -0.04170257 -0.0272941
-0.02186926 -0.00220929 -0.01733615 ... -0.00796879  0.00253342 -0.02150657
-0.00979124 -0.00796317 -0.01878918 ... -0.01337737  0.01423528 -0.03810466
0.00692906 -0.01157693 -0.03290065 ... -0.05506436 -0.02038644 -0.00754012
-0.00938271  0.00279647  0.0011927  ... -0.0017195  -0.00721638 -0.02292928
-0.00735738 -0.00515593 -0.00366152 ... -0.00312002 -0.03236456 -0.01364
0.01007269 -0.01551277 -0.00774921 ... -0.03656587  0.0299529  -0.01223441
-0.00345203 -0.0415678  -0.00180949 ... -0.02964845  0.00623356 -0.00590827
0.01080064  0.00108648 -0.01427276 ... -0.02590348  0.02322865 -0.00155834
0.01827545 -0.00200946 -0.00580408 ... -0.04151265 -0.03542366 -0.01886627
-0.02395645 -0.02294881 -0.023816   ... -0.03912634 -0.01205365 -0.00627674
0.00873127 -0.01490741  0.00473111 ... -0.01831886 -0.02653488 -0.02979016
-0.01328917 -0.01231119 -0.03362724 ... -0.02952691  0.00473539 -0.00323747
0.02211701 -0.03409936 -0.03043222 ... -0.01652733  0.02804698 -0.00594813
0.02585894 -0.04288058 -0.01600962 ... -0.0125161  -0.03013941 -0.01237032
0.00712112 -0.03529984  0.01682073 ... -0.03451352 -0.01762708 -0.00287777
0.02387584 -0.01171515  0.00661614 ... -0.02197581  0.00798607 -0.01994567
0.00393018 -0.01950403  0.00253305 ... -0.04367278  0.01096682 -0.00671549
0.00348947 -0.00456596 -0.00324228 ... -0.02579909  0.00319754 -0.00901795
0.00110827 -0.00621005 -0.01100508 ... -0.0231528  -0.01028924  0.0050443
0.00147468 -0.01616078 -0.0004965  ... -0.03731813  0.00324863 -0.00963538
-0.00027088 -0.03003433  0.01621406 ... -0.01414212  0.00449704 -0.01443786
0.00022164 -0.03834564 -0.00052325 ... -0.02672873  0.01352293 -0.01231197
0.00626218 -0.02985519  0.00306329 ... -0.01245123 -0.00887604 -0.01119768
0.01231144 -0.01961255 -0.0040308  ... -0.00930043  0.02552723 -0.02960469
0.01617175 -0.01179293 -0.01796891 ... -0.03702168  0.01758503 -0.0219018
0.00065245 -0.04309296  0.02210525 ... -0.02028324 -0.00582922 -0.04112618
0.01901121 -0.03969498 -0.01346059 ... -0.01701527  0.00374414  0.00980951
0.00979158 -0.02533672  0.01235941 ...  0.00745343 -0.00748407 -0.02303782
0.01101997 -0.02003624 -0.00646255 ... -0.01825242 -0.00271314  0.00309786
0.00021688 -0.01011924 -0.02427569 ... -0.01986051 -0.00217038 -0.02343254
0.00875654 -0.02882269 -0.03532092 ... -0.00310604  0.02072427 -0.02395952
0.00792646 -0.01611239 -0.01142848 ... -0.00544626  0.01707508 -0.01511663
-0.00146287 -0.04008636 -0.0184687  ... -0.00648388  0.00452468 -0.02661213
-0.01378922 -0.0086287  -0.0207708  ... -0.0184878   0.0277869  -0.01932727
0.03450568 -0.01369335 -0.00686655 ... -0.03132457  0.00249556 -0.03113666
0.01783708 -0.02287059  0.00319089 ... -0.00735143 -0.0057509   0.00703172
-0.00020534 -0.0401771  -0.01677217 ... -0.01087744 -0.03612132 -0.02339436
0.00594007 -0.01081438 -0.03867907 ... -0.02592526  0.00319489 -0.00263929
-0.01842346 -0.01369841 -0.01131509 ... -0.00394103 -0.00628048 -0.00427825
0.00475529 -0.02380492  0.00413365 ... -0.02366726  0.00501887  0.00014479
0.04266178 -0.00270884  0.02585651 ... -0.03067515 -0.00786616 -0.02703324
0.01822949 -0.02209245  0.00154562 ... -0.0280965  -0.01530389 -0.01581264
0.01322071 -0.00285268  0.01283255 ... -0.03594352  0.00011137 -0.01125547
-0.00398748  0.00578816 -0.02122122 ...  0.00474046 -0.00476901  0.00188454
-0.011567   -0.01722747 -0.02037701 ... -0.0323456   0.02027057  0.01093162
0.00651912 -0.01762311 -0.00606515 ... -0.04369923 -0.00539624 -0.01216105
-0.00431753 -0.02623883 -0.00017175 ... -0.02487897 -0.00886546 -0.01421171
0.00143845 -0.01923185 -0.01833282 ... -0.0260055  -0.00656874 -0.01395807
-0.00899415  0.0035258  -0.00497915 ... -0.05260741 -0.03486574 -0.00109942
1.6632548e-02 -4.2735424e-02 -1.3491231e-02 ... -3.3199228e-02  2.2662560e-05  2.8024565e-03
0.0034797   0.00693381 -0.00992241 ... -0.03365012  0.03475334 -0.01943666
-0.01663901  0.0030689  -0.02475484 ... -0.00652052  0.00917458  0.01443537
0.02924439 -0.00296384  0.00187961 ... -0.01748662 -0.00725183 -0.02384864
0.01582344 -0.01790877 -0.01060972 ... -0.01157291 -0.00064647 -0.02191168
0.01095872 -0.00642883 -0.01090496 ... -0.00140803 -0.02376352 -0.0057586
0.01604793 -0.05098327 -0.04157289 ... -0.01706895 -0.00139125 -0.01594122
0.02025751 -0.02049348  0.00335887 ... -0.0335242  -0.00479719  0.00453045
0.00575604 -0.03108085 -0.01457824 ... -0.0051909   0.00684517 -0.00619009
-0.00708881 -0.01574753 -0.03581422 ... -0.00210166  0.00736721 -0.00541181
-1.6837602e-02 -2.3312982e-02 -1.9249912e-02 ... -1.4939358e-02 -1.5944561e-02 -5.6490360e-05
-0.00340027 -0.01536287 -0.02955445 ... -0.00959482  0.01889354  0.00631289
0.00052616 -0.00952644 -0.01715135 ... -0.022767    0.01627403 -0.00485768
-0.00110489 -0.01122565 -0.00148912 ... -0.01571653 -0.0037496  -0.00099011
-0.00772615 -0.02904852 -0.02717566 ... -0.02036175  0.00189109 -0.04620793
0.00404388 -0.02536237 -0.00141456 ... -0.01044036  0.00249388 -0.00534703
0.0278301  -0.04883974 -0.00953771 ... -0.02153964  0.00386388 -0.0133406
-0.00716381 -0.01751618 -0.01391236 ... -0.01755887 -0.02174159 -0.03675209
-0.01285343 -0.03192473 -0.01436557 ... -0.00488032 -0.00807034 -0.03832668
0.01348178 -0.02015177  0.02699104 ... -0.02928784  0.01559146 -0.00972029
-0.00224655 -0.01569847 -0.01462093 ... -0.02755536 -0.02092754  0.01024188
-0.00229207  0.00529108 -0.00493282 ... -0.02109492 -0.0072041  -0.0175401
-0.0117592  -0.01851588 -0.02297182 ... -0.02052773  0.00033863 -0.01754682
-0.00073082 -0.04596595 -0.02904001 ... -0.00837349  0.01444975 -0.03780016
-0.00901946  0.01173883 -0.01000107 ... -0.02358351 -0.00372798 -0.01096667
0.00393458  0.01442013 -0.00788446 ... -0.01838496 -0.00746802  0.00218096
0.0082158  -0.03110836  0.00179885 ...  0.01099148 -0.00803193 -0.03536272
-0.02344969 -0.00089175 -0.04074362 ... -0.00958754  0.00528091 -0.02099677
-0.00992729 -0.00375733 -0.02013731 ... -0.0226697  -0.00420273 -0.02457478
-0.00753903  0.00535998 -0.01444607 ... -0.05153933 -0.00363941  0.01334306
-0.01694877 -0.00047553 -0.01115018 ... -0.03662239 -0.00010611 -0.01116986
-0.01705145  0.00721891 -0.0063575  ... -0.00700819  0.0016515   0.00776436
0.00591412 -0.01674496 -0.02320078 ... -0.02981075 -0.01389811 -0.0301594
0.01639375 -0.03321907  0.01462036 ... -0.04057866 -0.0115095  -0.03057085
0.01000291 -0.01362443 -0.02662246 ... -0.01868089  0.00570119 -0.02258404
0.01617215 -0.01489344 -0.02294317 ... -0.01997319 -0.02107498 -0.00575527
0.02626509 -0.00284861 -0.01256699 ... -0.02522464 -0.00749445 -0.02267983
-0.0070897  -0.04825525 -0.02878635 ... -0.01110799  0.00322869 -0.00834702
0.00491401 -0.00226838  0.00251229 ... -0.00660914  0.00172183 -0.02299057
-0.00284224 -0.02504471 -0.00566794 ... -0.01731742 -0.00109529 -0.03686896
0.01125664 -0.00847153 -0.02009944 ... -0.01854856  0.00351011 -0.01564341
-0.01507211  0.01607157 -0.01850313 ... -0.00533396 -0.01542021 -0.02403764
-0.01277703 -0.02833992 -0.01043949 ... -0.00343314 -0.00576759 -0.03000674
-0.01968319 -0.01879104 -0.00205023 ... -0.00634702 -0.03275662 -0.03795772
-0.0088157  -0.01777966 -0.02070393 ... -0.03351389  0.01851023 -0.00888859
0.01079709 -0.02415859 -0.00685426 ... -0.00518649 -0.00095292 -0.02934487
-0.01902337 -0.02155393  0.00829876 ... -0.00927281 -0.00788916 -0.01337914
-0.03533585  0.00336174 -0.01041944 ...  0.00732893 -0.00485101 -0.04758139
-0.00536262 -0.03520799 -0.00939751 ...  0.00019088 -0.0245435  -0.00562409
-0.00361549 -0.02866732 -0.01185523 ... -0.00357176 -0.02243106 -0.01601773
-0.00040891 -0.02694785 -0.00118587 ... -0.03721686  0.0092603   0.01130051
-0.01476533 -0.04166573  0.01243704 ... -0.00575664 -0.00578084 -0.00997471
-0.01249261 -0.02359458  0.02845728 ... -0.00853343 -0.00056777 -0.0008874
0.00828662 -0.0026883  -0.02008377 ... -0.03742165  0.00680073  0.00427276
-0.02292711 -0.02174266 -0.02529031 ... -0.01212073 -0.01322682 -0.02375427
-1.2173157e-03 -1.0431950e-02 -1.8702786e-02 ... -2.0689571e-02 -2.2827690e-03 -1.7915458e-05
-0.00884071 -0.03918244 -0.0307836  ... -0.04278824  0.01578101 -0.00521892
0.01324633 -0.01760958 -0.00086104 ...  0.00105469 -0.00451089  0.00076574
-0.00579984 -0.0142196   0.0041174  ... -0.01801027  0.0089895  -0.01272992
0.01193773 -0.0210162   0.00389509 ... -0.01712296 -0.00546497 -0.01645599
0.02113297 -0.02395531 -0.02477836 ... -0.02088235  0.00696253 -0.02609701
0.00171439 -0.02426355  0.0026029  ... -0.00945764 -0.01045364 -0.02210932
0.01653598 -0.00445835  0.01041867 ... -0.01909231 -0.03774616 -0.00559651
-0.00398437 -0.00944968 -0.00669588 ... -0.01738666 -0.01179803  0.00022734
0.03940513 -0.00511927 -0.00488705 ... -0.00143137 -0.00410678 -0.02592048
-0.00624122 -0.00575806 -0.00561222 ... -0.02797527 -0.01977628 -0.00251937
0.01319111 -0.01023957 -0.01729521 ...  0.01952644 -0.01187299 -0.02611683
-0.01325524 -0.02836658 -0.00581306 ...  0.00231341 -0.03212794 -0.00535798
0.00173101  0.00232045 -0.00533328 ... -0.02916532 -0.01250354 -0.00620033
-0.02117568 -0.01768168  0.00568593 ... -0.03867465 -0.0022497   0.01163747
-0.03039898  0.00216183  0.00242631 ... -0.00503185 -0.00327368 -0.00607407
0.00682501 -0.04356311  0.00525036 ... -0.00558316  0.00916544 -0.01489147
0.00396991 -0.01601283 -0.00621676 ... -0.03975309  0.00176876 -0.01339078
-0.00569835  0.00379939 -0.02029866 ... -0.00487637 -0.03919975  0.01760791
0.00543573 -0.03122314  0.00568445 ... -0.01599547 -0.01554884 -0.02961041
-0.0190485  -0.00884925 -0.01481255 ...  0.01079457  0.02756351 -0.02351542
0.01144456 -0.02681934 -0.01120382 ... -0.01743972 -0.01911684 -0.029303
-0.02485371 -0.02164734 -0.01675301 ... -0.00576112  0.00441746 -0.02637304
0.02788946 -0.04195862 -0.02237229 ... -0.02482218  0.01383356 -0.01300053
0.0176467  -0.01958606 -0.02522255 ... -0.01977683 -0.01469456 -0.00656723
0.00257205 -0.01931509  0.00632714 ... -0.03388869  0.0106951  -0.00595206
-0.00800034 -0.00052837  0.00852986 ... -0.03874781 -0.00098137  0.01461714
-0.02235067  0.00780277  0.00359751 ... -0.00697241 -0.02145437  0.00460534
-0.00069866 -0.00038067 -0.02486393 ... -0.01849031  0.02355204 -0.0022458
0.00543478 -0.0065005  -0.01833683 ... -0.04866163  0.02550114 -0.02995037
0.01461586 -0.02261824 -0.01920732 ... -0.03125909  0.01323316 -0.01242661
-0.01743607 -0.01476435 -0.00660003 ...  0.00175324  0.02022281 -0.00138328
-0.04171805  0.00559355 -0.024742   ... -0.03682146  0.01221553  0.01656907
-0.00033008  0.00388653 -0.0018898  ... -0.00425137 -0.00370055 -0.0170328
-0.00453341  0.0182977  -0.03844147 ... -0.01653298  0.00511232 -0.01130574
-0.01345626 -0.01960894  0.00671321 ... -0.0099567  -0.00551583 -0.0112664
0.0115673   0.00721072 -0.00554176 ... -0.03212953 -0.00604078 -0.00728785
-0.01684384 -0.00803658 -0.00493517 ... -0.01657345 -0.00494672 -0.01046043
0.00802543 -0.01256252 -0.03195871 ... -0.03415174 -0.03401741 -0.00649842
-0.01936858 -0.00375747 -0.00886227 ... -0.03847498  0.00758063  0.00932661
-0.00457602 -0.01869871 -0.00821605 ... -0.02140242 -0.02498507 -0.02004646
-0.00142186 -0.00877948  0.00865416 ... -0.02113404 -0.03640066 -0.00490601
0.00139725 -0.03018356 -0.01113847 ... -0.01055964 -0.04514203 -0.03129684
-0.02729497 -0.01469058 -0.01038693 ... -0.01629688 -0.02077796 -0.02534644
-0.01771497 -0.01026898 -0.00401742 ... -0.0221684  -0.01096276  0.0001918
-0.00878102 -0.00341385  0.00384184 ... -0.03449814  0.00326834  0.00643572
0.00739885 -0.00839484 -0.03956129 ... -0.0285292   0.00193675  0.0010991
-0.00611937  0.0007991  -0.02552611 ...  0.00202466  0.00118229 -0.01153369
0.01741329 -0.024391   -0.02470673 ... -0.02526385 -0.0162683   0.01110106
-0.00453192 -0.01945981  0.00907918 ... -0.02237645  0.00919905 -0.0104705
0.0018305  -0.0270238  -0.01457947 ... -0.01060857  0.01279963 -0.00884231
-0.00043132  0.00032974  0.00270955 ... -0.01211004  0.00062452 -0.02447503
0.00457665  0.00635046 -0.01079625 ... -0.02987151 -0.0183377  -0.02023438
-0.01827151 -0.02773339 -0.0195522  ... -0.00951127  0.01858298 -0.01983198
-0.00731468 -0.00425241  0.01033616 ... -0.02054712 -0.01477432 -0.02054839
-0.00649321 -0.01615879 -0.03253848 ... -0.02082379 -0.00612316 -0.00297876
-0.00241898 -0.00325533 -0.01413586 ... -0.02225897 -0.00725148 -0.03057432
-0.01435058 -0.02933553 -0.01894135 ... -0.0043203  -0.02098241 -0.0095398
-0.00041142 -0.0099627  -0.01203518 ... -0.0102041  -0.02486262 -0.00880034
0.01294378 -0.03137757  0.01896566 ... -0.01677652  0.01030333 -0.0157923
0.02312917 -0.01909195 -0.02287791 ... -0.03771823 -0.00433919 -0.02152954
-0.01749417  0.00054083 -0.00358416 ... -0.00478579  0.01050316 -0.00199588
0.02875758 -0.0132679  -0.00715984 ... -0.00367448  0.00160913 -0.03095831
0.02258519 -0.03192123  0.01268882 ... -0.00614254  0.01631818 -0.02507109
0.00616355 -0.037762   -0.00633418 ... -0.01185     0.0071257  -0.02546828
0.02204113 -0.02103769  0.01818196 ... -0.02488533 -0.01225332 -0.0103724
0.00062768 -0.01653755 -0.01487859 ... -0.02469744  0.00607304 -0.016183
-0.00179156 -0.01286291 -0.00633143 ... -0.02551768 -0.01583545 -0.02647784
0.01259355 -0.03301479 -0.00253812 ... -0.01441143  0.00022879 -0.02197125
-0.00792356  0.01323624 -0.04379845 ... -0.02479964 -0.01360712 -0.01499208
-0.00199429 -0.02898586 -0.00758368 ...  0.00375163  0.01477531 -0.01394273
0.02616328 -0.02488985  0.00175064 ... -0.00685486 -0.00101175  0.00200211
0.01732357 -0.00086444 -0.04130962 ... -0.02362379  0.00735951  0.00738525
0.01111499 -0.00905976  0.00366698 ...  0.00069864 -0.00345611 -0.00820511
0.02712256 -0.02455615  0.00239241 ... -0.03780575 -0.02576981  0.00043493
0.01563093 -0.03539302 -0.01818535 ... -0.00026062  0.00990967 -0.02503977
0.00578089 -0.01836011 -0.00636565 ... -0.03502955  0.00339697 -0.00935677
-0.02249204 -0.03507473 -0.00289955 ... -0.00635668 -0.00966878  0.00338416
0.02338788 -0.01426675 -0.04199093 ... -0.0022106  -0.01023888 -0.00218714
0.01440788 -0.00350871  0.01859916 ... -0.01575095  0.00508857 -0.01208435
-0.00775118 -0.02698381 -0.01583052 ... -0.00616904  0.01696348 -0.02849912
-0.02421448 -0.03637086  0.01452337 ... -0.02249427 -0.00401783 -0.01305828
0.01100402  0.00377113 -0.02750015 ... -0.00304337 -0.02713383 -0.01795369
0.00286677 -0.00704715 -0.01648355 ...  0.01492781 -0.003318    0.0042462
0.0032565  -0.028129   -0.0084258  ... -0.00033619 -0.00219908 -0.0245292
1.2427355e-02 -3.2480717e-02  7.9896292e-03 ... -2.8844977e-02 -2.7554115e-06  1.1680226e-03
0.00498354 -0.00527491 -0.00773522 ... -0.01938055 -0.02147489 -0.01613726
0.01149501  0.00805121 -0.01085838 ... -0.01167921 -0.02758505 -0.01601132
0.01410557 -0.01681053 -0.00934198 ...  0.00624568 -0.01817332 -0.04790795
-0.01778753  0.00769382 -0.02218878 ... -0.0062619   0.01232715 -0.01601561
0.00895916  0.00481235  0.01938464 ... -0.01904813 -0.02439337 -0.01593926
-0.00716901 -0.01275217 -0.02082836 ... -0.01073533  0.01765745 -0.01306056
0.03568678 -0.03671686  0.0075716  ... -0.01290424  0.01410378 -0.01317759
0.0012587  -0.00761255  0.01515426 ...  0.006591    0.01530993 -0.02715981
0.01692543  0.00552687 -0.008229   ... -0.01949649  0.01300971  0.00043562
0.00911558 -0.00984443 -0.01842135 ... -0.02786201 -0.01694064 -0.02161759
-0.00536675 -0.01836845 -0.0115675  ...  0.00707889  0.00554826 -0.00535673
-0.00195946 -0.01197273 -0.01608187 ... -0.00615471  0.00301752 -0.00631321
0.00451778 -0.01520094  0.00088021 ... -0.02234854  0.02544675 -0.0204566
-0.0075798  -0.02257836 -0.03177376 ... -0.00721484  0.0009998  -0.00174776
0.00577859 -0.02960423  0.00249782 ... -0.02429144  0.0075676   0.01196377
-0.01087818 -0.00198191 -0.02299558 ... -0.0200237  -0.00975128  0.00654969
0.01275815  0.00081388  0.00470988 ... -0.02112689 -0.01398108 -0.02109765
0.01898552 -0.02332272 -0.00369743 ... -0.01238802 -0.02136016 -0.00492703
0.02955398 -0.02457638 -0.01111389 ... -0.00710609 -0.00867631 -0.0300876
-0.01677279 -0.04022781 -0.02081924 ... -0.01049715  0.00200816 -0.02486413
0.01738482  0.00236126 -0.00953048 ... -0.01108787 -0.00650812 -0.02162557
0.02286553 -0.05317436 -0.02660482 ...  0.00506326 -0.02564389 -0.03580772
-0.01632674 -0.01254253 -0.01084669 ... -0.00696796  0.00752694 -0.0273818
0.00758342 -0.02547589 -0.01415276 ... -0.03010889 -0.00984841 -0.00186038
0.00082385  0.00096833 -0.01816115 ... -0.00010195 -0.00995642  0.00103088
-0.02976202  0.01231131  0.02105295 ... -0.02562248 -0.01545173 -0.02167434
-0.01630231 -0.02994921 -0.00219392 ... -0.00111257 -0.00525245 -0.00957085
-0.01406732 -0.01498796  0.00451715 ... -0.03906304  0.00162208  0.02214568
-0.01985907 -0.01683418 -0.00910249 ... -0.01232874 -0.02239383 -0.01557987
0.00043508 -0.01094401  0.00774008 ... -0.00932446  0.00758934  0.00447642
-0.01073097 -0.00971761 -0.00294114 ... -0.00786187  0.02035089 -0.02165628
-0.01732235 -0.01916368 -0.0505911  ... -0.0178159   0.01129783  0.00173554
-0.00833699 -0.00610754 -0.02790952 ... -0.03697957 -0.03316572 -0.0119676
-0.01665727 -0.01194544 -0.00339492 ... -0.02765122 -0.01629159 -0.01841392
0.0019474  -0.00834272 -0.02158788 ... -0.02661438  0.01045684 -0.01366113
0.0087993  -0.036831    0.01404157 ... -0.02422915  0.008104   -0.03039125
0.01516135  0.0008177  -0.0394596  ... -0.00734248 -0.03035922  0.00052115
0.0105663  -0.01626906 -0.0144113  ... -0.01721357 -0.00660529 -0.01542146
0.00657326 -0.02154357 -0.00590132 ... -0.02001816 -0.00242859 -0.00555772
0.01147995  0.00754408  0.0021393  ... -0.03192075 -0.01113431 -0.00505534
0.02668442 -0.00010807  0.00357165 ... -0.01212585 -0.02566303 -0.01563247
-0.00611885  0.01189093 -0.04140421 ... -0.00013712  0.01771581 -0.01697173
0.00756595 -0.02161116 -0.04399564 ... -0.02512897  0.01565834 -0.04084235
-0.00865146 -0.0334026  -0.01669495 ... -0.03107459 -0.0052368  -0.02970309
-0.0063515  -0.03497538 -0.01315449 ... -0.01995308  0.01076807 -0.01209305
0.00887413  0.00479083 -0.00960915 ... -0.02889379 -0.01741728 -0.00623755
-0.01850338 -0.01066668 -0.01514843 ... -0.02334168 -0.00171151 -0.01770466
0.01312734 -0.03413249 -0.00522794 ... -0.04377491  0.02090621 -0.04050006
0.01658676 -0.02066043 -0.02107273 ... -0.02810219 -0.00383467 -0.02767567
0.00159684 -0.01188368 -0.02047189 ... -0.03172844  0.02877069 -0.00984677
0.02058292 -0.0186405  -0.00046529 ... -0.01270021 -0.0173292  -0.00960111
-0.01288503 -0.03568564 -0.01063522 ... -0.02048232 -0.0108345   0.00787095
-0.02193065 -0.03452665 -0.04499142 ... -0.01521634 -0.00533258  0.00189459
-0.00283773 -0.03383753 -0.02872546 ...  0.00097325 -0.02836977 -0.02743868
-0.009842   -0.00296565 -0.03600574 ... -0.01430383  0.00371066 -0.03071149
0.00379985 -0.02613573 -0.01805304 ... -0.0583895   0.0017837  -0.01186477
0.0189099  -0.00479959 -0.01263388 ... -0.00951493 -0.00810393 -0.00503342
0.00602398 -0.02468066 -0.01150731 ...  0.00142843  0.02705504 -0.02669574
-0.00862607 -0.03992372 -0.00883878 ... -0.02801559 -0.00954687 -0.04824692
-0.02001762 -0.02808813 -0.02975827 ... -0.01989366 -0.01811051 -0.01150801
0.00718258 -0.01694717 -0.00543602 ... -0.04359059 -0.00010906 -0.03040444
-0.00870347 -0.0172324  -0.02124298 ... -0.04090468  0.00545653  0.00638221
0.00987645 -0.03979725 -0.00988254 ... -0.0308054   0.00974611 -0.00549258
0.02518522 -0.04058544  0.00588604 ... -0.02778124 -0.01486494 -0.02093537
-0.00264969 -0.02835053 -0.01919786 ... -0.03852461  0.0041141  -0.01360032
-0.0004348  -0.02001781 -0.01173743 ... -0.03577821 -0.0286881  -0.01428201
0.01011905 -0.00492087 -0.02330284 ...  0.0042581  -0.00706983 -0.00021622
-0.00394092  0.00372946 -0.00985576 ... -0.02572254  0.00167093 -0.00325183
-0.01244648 -0.02523259 -0.01200648 ... -0.03062302 -0.01209702 -0.00049185
-0.005482   -0.02044838 -0.01524008 ... -0.01766233 -0.0293525  -0.00308767
-0.01900414 -0.01752047 -0.00745629 ... -0.03609885 -0.02206897 -0.02182977
0.01038652 -0.03902401 -0.02657683 ... -0.02667925 -0.00741423 -0.01939086
0.00680734 -0.01193887 -0.00837101 ... -0.01411041 -0.0150052  -0.00969353
0.01298684 -0.01688329 -0.03008356 ... -0.03437053  0.01454908 -0.02847033
-0.00054119 -0.03078438 -0.00429478 ... -0.02011386  0.02159952 -0.00411467
-0.00599628 -0.02041292 -0.05067065 ... -0.02705714  0.02040063 -0.01991936
-0.02377291 -0.02255118 -0.01238503 ...  0.00090153 -0.02007515 -0.0083803
0.01706973 -0.02899893 -0.00254005 ... -0.01696635  0.00048522 -0.02074698
0.02166766 -0.00631059  0.00014871 ... -0.00246865 -0.01385478 -0.00821218
-0.00178094 -0.03771457 -0.02088131 ... -0.01480177  0.01292792 -0.01299147
-0.00833949 -0.00977611  0.00237037 ... -0.02548894  0.0121849  -0.01653783
0.01254038 -0.01665594 -0.03423767 ... -0.0146072   0.01197653 -0.01047961
-0.00727097 -0.02224609  0.00237263 ... -0.02967181  0.00758173 -0.00345083
0.00601262 -0.02394057 -0.00488387 ... -0.00308897 -0.00518419 -0.01484697
-6.1358786e-03  3.0881120e-03 -8.5431348e-05 ... -1.0510764e-02 -2.1130646e-02  1.3688658e-02
0.00941819 -0.01903374  0.00028455 ... -0.02507152  0.00137447 -0.00851842
0.00116518 -0.02168778 -0.02197962 ... -0.01437196  0.00166322 -0.02197625
-0.02276991 -0.03931453 -0.02285366 ... -0.01425985 -0.01522089 -0.01737975
0.00203472 -0.00096553 -0.00035768 ... -0.02454853  0.01772989 -0.01338043
-0.00146598 -0.01378025 -0.04385661 ... -0.02813476  0.00132043 -0.02710276
-0.00569379 -0.02424959 -0.00427101 ... -0.01446348 -0.01172584 -0.03649319
0.02150334 -0.01291388 -0.01813916 ... -0.04610483  0.00385753 -0.00363518
0.01277602 -0.01458584 -0.01047179 ... -0.0241682   0.00097704 -0.02197228
-0.00408853 -0.02286676 -0.0165139  ... -0.01183826  0.01035907 -0.01361397
-0.01203816  0.01070202 -0.01411032 ... -0.01854989  0.00629692 -0.00995779
0.01082616  0.01175562 -0.01841925 ... -0.03028726  0.00828248  0.00437048
2.7733037e-02 -2.0890196e-03  7.6191841e-06 ... -3.2556552e-02 -6.1887135e-03 -3.1351581e-02
0.02316162 -0.02463342  0.02606434 ... -0.02552161 -0.02331934 -0.03714129
-3.0910061e-04 -3.2089178e-02 -1.2107844e-02 ... -1.9056680e-02  5.3435244e-05 -1.1920592e-02
-0.01011144 -0.00794626 -0.00430974 ... -0.02342952 -0.00072283 -0.02692343
0.00087881 -0.04432542 -0.00637823 ... -0.03380999  0.02627272 -0.00513523
-0.00066198 -0.03323431 -0.02134598 ... -0.04320835  0.00228319 -0.01617861
-0.00831586 -0.02027859 -0.03113381 ...  0.00790507 -0.00163693 -0.0356425
0.00931879 -0.03641411 -0.00965993 ... -0.01103665  0.02156705 -0.01621506
-0.00560293 -0.02302643 -0.00084046 ... -0.02294013 -0.01290727 -0.00155789
0.00788236 -0.0258811   0.0070909  ... -0.01308334 -0.02430176 -0.02188414
-0.01525315 -0.00208722 -0.01145135 ... -0.02825485 -0.00913144 -0.00995115
0.03173522 -0.01800796  0.01606749 ... -0.01559438 -0.00402687 -0.02561715
0.01336081 -0.02271645 -0.01501469 ... -0.04955649 -0.01813363 -0.01446686
0.01527337 -0.02240171  0.0106566  ...  0.00890256 -0.01617787 -0.03177703
-0.00652873 -0.02126924 -0.0265504  ... -0.03789155  0.02301419 -0.02773396
0.01423265 -0.0332982  -0.00060715 ... -0.02650622 -0.0160745  -0.01296156
0.02111019  0.00889332 -0.02553704 ...  0.00527176 -0.02562009 -0.01970243
-0.00178929 -0.01041674 -0.02591366 ... -0.03430421 -0.01164554 -0.01012924
-3.0445680e-02 -8.3671635e-05 -1.0645283e-02 ... -8.4233806e-03 -1.4271549e-02 -1.0309436e-02
-0.00039289  0.00043419 -0.00151131 ... -0.01361431 -0.0161867  -0.01962292
-0.01132259 -0.02273359 -0.01003363 ... -0.01682573 -0.00526917 -0.01077369
0.02610203 -0.03340406 -0.02469539 ... -0.02961311 -0.03816433 -0.00861856
-0.00607227 -0.0352384  -0.00860038 ... -0.0393417  -0.01800932  0.0196606
-0.00446747 -0.0194081  -0.04530076 ... -0.02287019 -0.01339169  0.02458354
-0.0195254  -0.01633856 -0.00366418 ... -0.01741802 -0.01430818 -0.01097737
-0.0045415  -0.00477624 -0.01246156 ... -0.01640634  0.00246011  0.00386113
-0.01717218 -0.0022233  -0.02475221 ...  0.00243147  0.003992   -0.0255659
0.00507482 -0.00323992 -0.02396154 ... -0.01510272 -0.01350108  0.01491901
0.00385701 -0.01890974 -0.01914253 ...  0.00790298 -0.01055477 -0.01024366
-0.01374869 -0.04376044 -0.00267649 ... -0.02561402 -0.02309885 -0.01685737
-0.00383742  0.00986898 -0.03834608 ... -0.05629029 -0.00040514 -0.02726129
-0.00985774 -0.00981077 -0.01301118 ... -0.03649509 -0.00912187 -0.00922229
-0.02119165 -0.00309647 -0.01334351 ... -0.00945643  0.00839574 -0.01339626
-0.01405688 -0.0388139  -0.0110622  ... -0.03884409  0.00071348 -0.02503854
0.00393846  0.00569711 -0.01311718 ... -0.00117841  0.00063757  0.01942402
-0.00160861 -0.00442774  0.01725316 ... -0.03009915 -0.01889188 -0.00653536
0.01739128 -0.01898199 -0.01792638 ... -0.03927787  0.00183135  0.00407081
0.00042265 -0.00658281 -0.00847281 ... -0.02401206 -0.00598219 -0.01819197
0.02045166 -0.02768922 -0.00504686 ... -0.03573707  0.01134736 -0.04622502
0.02990847 -0.02239334 -0.0112266  ... -0.03475693  0.00270036 -0.00335697
-0.02112629 -0.02348295 -0.01812795 ... -0.01740117  0.00533734 -0.01549175
0.02680038 -0.01754588  0.01441028 ... -0.01540693  0.00021919  0.00349471
-0.010523   -0.03067841 -0.01031501 ... -0.04674143 -0.00657856 -0.00188607
-0.01625217 -0.04600582 -0.00950784 ... -0.01049865 -0.02808034 -0.00514934
0.03389765 -0.02309887  0.00728137 ... -0.02320877  0.02021016 -0.023773
0.01063686 -0.00676253 -0.02425721 ... -0.01666184 -0.01249243 -0.00756981
0.00718497 -0.01712073  0.00089911 ... -0.02280753  0.0021104  -0.01190666
0.00261858 -0.01080976 -0.01278871 ... -0.00410831  0.0019857  -0.01195229
0.01570713 -0.01746679 -0.01500374 ... -0.0244274  -0.04252193 -0.02019768
-0.01576302 -0.01803918 -0.01668656 ... -0.01499132 -0.00319768 -0.02084039
-0.0212587  -0.00944478 -0.03131504 ...  0.00148389  0.00272668 -0.00529199
0.01424649 -0.02172269  0.02348115 ... -0.01508575 -0.03378567 -0.02127945
-0.00202503 -0.0001049  -0.02208304 ... -0.03242391 -0.00251216  0.00329409
0.01914987  0.00434571  0.00809136 ... -0.02568232  0.001096   -0.00840863
0.03055131 -0.0208315  -0.00354255 ... -0.00157189 -0.01967767  0.00118218
-0.01792528 -0.03024358 -0.00862748 ... -0.01175566  0.01085785  0.00904017
0.00784707 -0.02831451  0.00550221 ... -0.00470184  0.00826881 -0.02198228
-0.00020832 -0.01385901  0.01941311 ... -0.02734406 -0.00624664 -0.02722853
0.01387541 -0.02353649 -0.01139667 ... -0.00764698 -0.003985   -0.02567004
0.02196087 -0.03455309 -0.00789985 ... -0.02056415 -0.01848463 -0.03430201
0.03814456 -0.01456081  0.02453694 ... -0.0056779  -0.00473307 -0.01368411
0.0111112  -0.03537492  0.00740515 ... -0.03390348  0.03670059 -0.02156086
0.01634521 -0.04850009  0.01067604 ... -0.01267281 -0.00933303 -0.01115488
0.04009598 -0.03063082 -0.0029058  ... -0.00940298 -0.02124064 -0.0322969
-0.00610831 -0.03575377 -0.02801224 ... -0.0053355  -0.00343106 -0.03104603
-0.02390736 -0.02338831 -0.01123028 ... -0.02577239 -0.01047523  0.00172257
0.0363996  -0.02177966 -0.00600302 ...  0.0015158  -0.01624009 -0.00443622
0.015159   -0.02176029  0.03118574 ... -0.01569017 -0.01027177 -0.04049267
0.01053936 -0.01308771 -0.02461492 ... -0.03378428  0.00137071 -0.01970207
0.00281521 -0.01743585 -0.02337437 ... -0.05421232 -0.00132729 -0.01175913
0.02116936 -0.01053989 -0.00301269 ... -0.04316645  0.01534985 -0.0216859
0.01166151 -0.03356365  0.00936258 ... -0.02474163 -0.00959107 -0.04375171
-0.01445341 -0.03028736 -0.02580039 ... -0.02109857 -0.00439542 -0.02249321
-0.01542165 -0.01503821 -0.03582048 ... -0.04085122 -0.00216911 -0.02258307
-0.00864379 -0.01014526  0.01099186 ... -0.04808708  0.02216358 -0.01222391
0.0053646  -0.0253292   0.00431608 ... -0.01798712  0.01584683 -0.04663618
0.00613603  0.00738158 -0.00899253 ... -0.04531286  0.02197366 -0.01027039
0.00506796 -0.02018013 -0.01362768 ... -0.02283072 -0.01132107 -0.01964741
0.00620896 -0.03310834  0.01476472 ... -0.04235557 -0.01176318 -0.02208685
-0.00146426  0.00574408  0.000828   ... -0.02131361  0.00301327  0.00839846
0.00886722 -0.00444456  0.00966431 ... -0.02313894  0.01728778 -0.035
-0.00860418 -0.02119921  0.00277783 ... -0.02284269  0.00373826 -0.01679647
0.01593992 -0.0058931  -0.00423279 ... -0.0217534   0.03159094 -0.0154208
0.00148274 -0.00412854  0.00524702 ... -0.01949122  0.01253236 -0.0422668
-0.00180066 -0.02896704  0.00852032 ... -0.00273463 -0.02045794 -0.02367578
0.01635436 -0.0033244  -0.02612355 ... -0.01105432  0.00366552 -0.02128067
0.00793515 -0.03563556 -0.00277067 ... -0.00655357 -0.02470237 -0.03871976
0.02176141 -0.03066745 -0.01255173 ... -0.01758817 -0.01499696 -0.03160674
0.00834849  0.00122221 -0.00644375 ... -0.03176339 -0.01175234 -0.01901061
-0.01344543 -0.00915219 -0.0260579  ... -0.03054449  0.01495212 -0.02579537
-0.00127426 -0.00793702  0.0068912  ... -0.01561896 -0.01622559  0.00071351
-0.00324068  0.00070563 -0.01435192 ... -0.01684476  0.00921918 -0.0471148
0.005948    0.00397278 -0.02472205 ... -0.04190427  0.00305588 -0.00891122
0.01696485  0.00912481  0.00138566 ... -0.01788935  0.00873761 -0.00030719
0.00754154 -0.01196404 -0.01688712 ... -0.0043086   0.00664538 -0.00440713
-0.01395419 -0.02481822 -0.01592063 ... -0.00688736 -0.01293281 -0.00787552
0.013802   -0.02529211  0.01039249 ... -0.04048166  0.01287944 -0.00556272
0.02159859 -0.00047747  0.00810762 ... -0.00522593 -0.01587941 -0.03077207
0.00016526  0.02330416 -0.01408062 ... -0.02899658 -0.01422348 -0.03472671
-0.03730689  0.01377799  0.02445288 ... -0.01129392 -0.00687094 -0.00263077
-0.02624319 -0.01004878 -0.00856583 ... -0.02528127 -0.0179608  -0.01833869
-0.01679977 -0.03312139 -0.02195316 ... -0.0113345   0.02368835 -0.00811528
-0.01374491 -0.04777481 -0.00553312 ...  0.00523329  0.01112851 -0.02987679
-0.00089746 -0.02950024  0.0082289  ... -0.00894077  0.00799136  0.01815173
-0.01653366 -0.00854606 -0.01636119 ... -0.02777313  0.009571   -0.01064764
0.01691101 -0.02349445 -0.02608906 ... -0.00336646 -0.00240683 -0.00925779
0.0103271  -0.02871993 -0.0190065  ... -0.01766387  0.0332785  -0.00539064
-0.00543741 -0.01846041  0.00103097 ... -0.01026929  0.00291563 -0.04947513
-0.00330603 -0.01824533  0.00293784 ... -0.04538834  0.0173467  -0.03056321
0.01769159 -0.00694325 -0.00989001 ... -0.01691789 -0.01673337 -0.01089532
0.01618295 -0.04082089 -0.03288663 ... -0.00591435 -0.00359446 -0.0294482
-0.00452352  0.00117191 -0.00501765 ... -0.01284938  0.00647915 -0.02957708
0.0282935  -0.01661322 -0.02279763 ... -0.02363381  0.02294822 -0.02376132
-0.00795085 -0.01050157 -0.01369358 ... -0.00229357  0.0245553   0.0107399
-0.00478606 -0.02924478 -0.00281823 ... -0.03111407  0.01310281 -0.01413453
0.00540066 -0.02403879 -0.01435108 ... -0.02661826  0.00278137 -0.04614247
-0.01135262 -0.01950348 -0.01941251 ... -0.03772282  0.0078818  -0.03519738
0.0302617  -0.02993159 -0.0090488  ... -0.00241888 -0.01667214 -0.02923053
-0.00321138 -0.0163672  -0.03748431 ...  0.00397168  0.00333662 -0.04578042
-0.01024215 -0.04806916 -0.00877061 ... -0.02016065 -0.00163569 -0.04069249
-0.00557574 -0.01442456  0.00605766 ... -0.00951144 -0.00730502 -0.02080271
0.00206898  0.00224361 -0.00167131 ... -0.00511274  0.00284588 -0.00653878
0.00856257 -0.03883355 -0.00575867 ... -0.01702095  0.00675205 -0.03662797
-0.00302715 -0.01452872  0.00717725 ... -0.01466594 -0.00377942  0.01854612
0.00717975 -0.02159441 -0.00856898 ... -0.01088719 -0.01518249 -0.02405098
0.0030661  -0.01616131 -0.04168373 ... -0.04433863  0.01053422  0.01281476
0.01732883 -0.01525253 -0.02065443 ... -0.01728489  0.00038223 -0.00986122
-0.01053345 -0.00682938 -0.03308149 ... -0.00300623  0.01287916 -0.00538487
-0.0031973  -0.02525838 -0.02117703 ... -0.04553844  0.00614837  0.00629699
-0.00477709 -0.02738558  0.00170298 ... -0.02848205 -0.00168907 -0.00630902
-0.00388673 -0.0011871  -0.00118013 ... -0.02859645  0.01050346 -0.01568277
-0.01793805 -0.01816108 -0.02022178 ...  0.00246341  0.00375547 -0.02424491
-0.0012948  -0.04645431  0.00022594 ... -0.00143039 -0.01531079 -0.00741858
-0.04570745 -0.00968478 -0.00598805 ... -0.03723762 -0.00361885  0.00540277
0.00519561 -0.03057831 -0.00629745 ... -0.02738358 -0.01338556 -0.01425654
-0.00726984 -0.0314354  -0.00349303 ... -0.00474199 -0.03226914 -0.01004481
0.01088048  0.00108165 -0.01156115 ... -0.03760083 -0.00258368  0.01053207
0.01011437 -0.01884514  0.00257169 ... -0.01615706  0.01258608 -0.0158721
0.01618022 -0.00479138 -0.03404481 ... -0.0213666  -0.00375183  0.00165197
0.00165531 -0.02168328 -0.02538115 ... -0.03730301  0.03252459 -0.01559943
-0.00040864  0.01130207 -0.00853289 ... -0.02342707  0.01399765 -0.00193566
-0.01809781  0.00661937 -0.04041122 ... -0.02412916  0.0258     -0.00081896
0.00276844 -0.02609552 -0.02279569 ... -0.03242332 -0.01516474  0.00118249
-0.00336741 -0.02389322 -0.03367757 ... -0.03989556 -0.00237268 -0.01711903
-0.01534246 -0.00838926 -0.02326532 ... -0.05151233 -0.01875884 -0.03368348
-0.00753767 -0.01915864  0.0005157  ... -0.02235896 -0.00028768 -0.01147719
0.01156662 -0.02012231 -0.01231912 ... -0.02229107  0.01754799 -0.00406823
0.01292446 -0.00049434 -0.01175305 ... -0.02429379  0.01157096 -0.01750806
-0.01744199 -0.03118503  0.01754174 ...  0.00412693 -0.00632349 -0.00409844
-0.00941471 -0.00823299 -0.02040055 ... -0.01202819  0.02072043 -0.02120639
0.0239128  -0.0178754  -0.03555269 ... -0.01339325 -0.01582212 -0.02031124
0.00646015 -0.00563846 -0.04394647 ... -0.04890403  0.00766921  0.00613617
0.0166839  -0.0115648  -0.04406542 ... -0.03180085  0.00080106 -0.01549555
-0.01131073 -0.03991361 -0.0358981  ... -0.02150842  0.01010517 -0.023567
-0.00645224 -0.02399493 -0.02689845 ... -0.02311657  0.01982286  0.00680829
4.7597475e-03 -4.6219051e-05 -2.0464752e-02 ... -1.8873230e-02 -9.5033171e-03 -1.6803827e-02
0.01502077 -0.02621226 -0.01033344 ... -0.00812526 -0.00308532 -0.0224917
0.02604627 -0.02606773 -0.00478785 ... -0.03819169  0.01934224 -0.02369968
-0.00775216 -0.00280457 -0.02221113 ... -0.01785924 -0.00113438 -0.00814438
0.015151    0.00805546 -0.01009295 ... -0.0237354   0.00092547 -0.0003764
-0.00735348 -0.03694091 -0.0194176  ... -0.03574908  0.01862279  0.00709032
0.00750204 -0.00314842 -0.01792431 ... -0.02343549 -0.01036245 -0.02213595
0.00497763 -0.03087899 -0.00765737 ... -0.03525165  0.02523144 -0.02457212
-0.02347532  0.00721329  0.0131188  ... -0.01079557  0.01760751 -0.00517339
0.011635   -0.02361461 -0.03307499 ... -0.03570638 -0.00655444  0.00305399
-0.01972116 -0.029325   -0.00301155 ... -0.05377345  0.00276703 -0.00915069
0.01434167 -0.01266785  0.01172125 ... -0.02800277 -0.03427097 -0.03162194
0.00562191 -0.02152817 -0.01859007 ... -0.02631346  0.03167619 -0.01513721
0.00557766 -0.01068863  0.00143205 ... -0.04624008 -0.00021837  0.00032177
0.00344228 -0.03674155 -0.00565477 ... -0.03498667  0.00547991 -0.02522473
0.0071081  -0.01856456 -0.0167565  ... -0.02706183  0.02777144 -0.00970246
-0.00080638 -0.03182171 -0.00122517 ... -0.00047782 -0.00506488 -0.02533461
-0.01795584 -0.02102453  0.00064829 ...  0.01006778 -0.00270614  0.00657684
0.00293872  0.01392932  0.01204124 ... -0.02252248 -0.02074721 -0.02291194
-0.00725967  0.00604745  0.0124877  ... -0.03431306  0.02559264 -0.02723254
0.0034201  -0.03466498 -0.01018384 ... -0.02343384 -0.02652939 -0.00185311
-0.00699561  0.00964567 -0.00980009 ...  0.00290608 -0.00156836 -0.00866851
-0.00843969 -0.01308983 -0.01330431 ... -0.01080387 -0.02729905 -0.03938226
-0.00011214  0.00412204 -0.01146706 ... -0.00201356 -0.01714452 -0.01883684
0.00894941 -0.0105822  -0.01578323 ... -0.0340199   0.00684837 -0.01453382
-0.02402473 -0.01478152 -0.01974341 ... -0.02585774  0.02106495 -0.0387506
0.00405221 -0.02752609 -0.00349612 ... -0.01453195  0.02014793 -0.01761543
-0.01351552 -0.01415102  0.00098593 ...  0.00391342  0.00787384 -0.03174741
-0.01242164 -0.00064928 -0.02164708 ... -0.00876977 -0.00900641 -0.03253127
-0.00159582 -0.01465168  0.00769281 ...  0.00045957 -0.01628563 -0.03984857
0.00058353 -0.02009542 -0.01424398 ... -0.01651913 -0.01119813 -0.00888497
0.00922223 -0.01386483 -0.01408507 ... -0.00799308  0.01308694 -0.01690318
0.02155414 -0.00303923 -0.0037211  ... -0.04023081 -0.00603638 -0.00231314
0.00843871  0.01703392 -0.01908849 ...  0.01998056 -0.02466556 -0.03380732
0.00379432 -0.01390522 -0.02279123 ... -0.03197506 -0.00753859 -0.04456252
0.01140019 -0.01015105 -0.00387606 ... -0.0098916  -0.01569804  0.00227757
0.01809772 -0.01075623 -0.01816908 ... -0.01445815 -0.00253449  0.00817871
0.01105488 -0.00091902 -0.01267182 ... -0.03023934 -0.00076808 -0.00347662
-0.02992303  0.01129522 -0.01543283 ...  0.01099004 -0.04169909 -0.00192984
-0.01748423 -0.00028307 -0.01739947 ... -0.0061885  -0.0240978  -0.02363341
-0.014927   -0.00999898  0.01727273 ... -0.00975149  0.00022578 -0.04162215
0.01626959  0.02665518  0.0053145  ... -0.02687458 -0.01428812 -0.0111213
-0.00478619 -0.01314834 -0.00391522 ... -0.01528403  0.00776284 -0.03922221
0.01899084 -0.00374659 -0.00657261 ... -0.0292324   0.0128925  -0.00674065
0.0001583  -0.01660117 -0.02275878 ... -0.02774473 -0.01199711 -0.00472864
-0.0010955   0.01694717 -0.00623217 ... -0.02789467 -0.00708889 -0.01430276
-0.00635003 -0.01260227 -0.01445707 ... -0.02637413  0.0106298  -0.01009913
-0.01542554 -0.01821124 -0.03049125 ... -0.01397026  0.02184627 -0.0311636
-0.00966405 -0.02764198 -0.02952946 ... -0.02196212  0.01202376 -0.02938157
-0.00270694 -0.03599022 -0.00915851 ...  0.00444101 -0.00031905 -0.02238505
-1.2935265e-02 -2.2131577e-02  5.5046398e-03 ... -1.6156811e-02  9.0805654e-05 -2.2355139e-02
0.02246569 -0.02525119 -0.00088532 ... -0.01986089 -0.01582825 -0.00391296
0.01843852 -0.00539999 -0.00561267 ... -0.01162717  0.00707488 -0.0414106
-0.00022305 -0.00582354  0.00286527 ...  0.01081982 -0.01379711 -0.03053423
0.02189194 -0.02849702  0.00646801 ... -0.02379651 -0.01152228 -0.01664931
1.6522117e-02 -6.9429609e-03 -3.5376125e-03 ... -2.8715091e-05 -1.3005442e-02 -3.3881925e-02
0.00799335 -0.02332874 -0.01351355 ... -0.00980114 -0.00244316 -0.00361276
0.00984008 -0.03538024 -0.01329482 ... -0.00351777 -0.00181841 -0.02539901
0.01954525  0.01281572 -0.00084312 ... -0.02985603  0.02929225 -0.01035206
0.02000694 -0.01021854  0.00053558 ... -0.03853973 -0.01340672 -0.02515696
0.01802813 -0.03190655 -0.00409047 ... -0.00679477 -0.01525867 -0.01655347
0.01950835 -0.001058   -0.01145051 ... -0.03033745  0.01412133 -0.00473797
0.01060827 -0.0098297   0.01929847 ... -0.0378364  -0.0041874  -0.01436752
0.01987854  0.00149012 -0.01791507 ... -0.01656877 -0.00861644 -0.01276321
0.00148274 -0.02244184 -0.01618063 ... -0.0365678   0.01357777 -0.02363991
0.01512098 -0.0085677  -0.00895211 ... -0.01373286 -0.00109655 -0.0363215
0.00549728 -0.03167429 -0.00516916 ... -0.03087439 -0.00956549 -0.01253978
-0.03005611 -0.02176046  0.00731618 ...  0.00048383 -0.00827658  0.00833046
0.00083302 -0.02689491 -0.01539462 ... -0.01900546 -0.0245642   0.00288134
-0.02025795 -0.01626792 -0.01894509 ... -0.02343189  0.01189132 -0.02049129
0.02319464  0.02153849 -0.01234626 ... -0.03128358 -0.00122115 -0.02298642
-0.02401842 -0.02533608 -0.01353548 ... -0.04859533  0.01417343 -0.02723962
0.01249977 -0.0101466   0.0039389  ... -0.04706553  0.02235799 -0.02206989
0.00475837 -0.02353872  0.00825799 ... -0.02114829  0.02179652 -0.03732542
0.00638365 -0.02021618 -0.01896928 ... -0.04382193  0.00243649 -0.00737776
0.00232574 -0.03355346 -0.00384484 ... -0.0271631   0.00651216 -0.02063198
-0.01639567 -0.02830886 -0.01984397 ... -0.01431115  0.00381973 -0.03212364
0.0304835  -0.03073128 -0.00549527 ... -0.0480144   0.00064343 -0.0034743
-0.00767925 -0.01076056  0.00848303 ...  0.00867309  0.00575872 -0.05494418
0.00359706 -0.01071833  0.00342699 ... -0.02071757  0.02201121 -0.02715874
0.00758201 -0.0043636  -0.00390521 ... -0.00113815 -0.02558002 -0.02728985
0.02540834 -0.02128679 -0.00703467 ... -0.01370697 -0.02837876 -0.01023152
-0.00568617  0.01120864  0.0028751  ... -0.02129916  0.01139153 -0.0363974
0.02060024 -0.01127634  0.01191519 ... -0.04075823 -0.04062317 -0.03060618
-0.00200398 -0.01959103  0.00020769 ... -0.01823572 -0.01303459 -0.02342506
0.00151924 -0.04014122 -0.02201604 ... -0.00940895  0.00550348 -0.01681702
0.0265001  -0.02969    -0.00557892 ... -0.01957169 -0.00575192 -0.03564226
-0.00057263  0.0036215  -0.01975995 ... -0.03446821 -0.01432897 -0.01447801
6.7262074e-05 -2.0324646e-02  6.9709858e-03 ... -3.2338031e-02 -2.0796776e-02 -3.3945113e-02
0.00207871 -0.01267954  0.0102833  ... -0.02643455  0.01184108 -0.0044755
0.00997896 -0.00993427 -0.00205502 ... -0.03531825 -0.01038808 -0.02262587
-0.01672176 -0.02394023 -0.0143665  ... -0.01458154  0.0414139  -0.01713019
0.01649073 -0.01779364 -0.02558773 ... -0.00510602  0.00449215 -0.02554737
0.02049988 -0.02869818 -0.00637673 ... -0.02426407 -0.0256759  -0.02992852
-0.00789472 -0.02289042 -0.02216998 ... -0.0287     -0.02915558  0.00105307
0.00063247 -0.01565562 -0.0410932  ... -0.01327152  0.00943717 -0.02277885
-0.00436538 -0.0151364  -0.00955478 ... -0.00363876 -0.02051787 -0.00238421
-0.00487265 -0.03286107 -0.00177643 ... -0.04291213 -0.00977762 -0.01760093
0.00012149 -0.01239915  0.00333457 ... -0.02807707  0.00950013 -0.01187495
0.01716248 -0.01779566 -0.00030845 ... -0.01769105  0.02413584 -0.0099787
0.02443867  0.00087241 -0.0030768  ... -0.0159965  -0.00481802 -0.02211323
0.00658276 -0.01039989  0.0168226  ... -0.01075541  0.00431078 -0.03070183
0.04236743  0.00700791 -0.03623812 ... -0.02369446 -0.03378121 -0.00403768
-0.00753798 -0.00847255 -0.01178814 ... -0.0203569  -0.02135849 -0.01754547
-0.00950646 -0.04214699 -0.00276337 ... -0.02759192 -0.0007414  -0.01071534
0.00439829 -0.00597348 -0.00318047 ... -0.04946266 -0.0117946  -0.0144511
-0.03443918 -0.04125356  0.00725801 ... -0.03934948  0.00142466 -0.00734745
0.00555872 -0.00711938 -0.01331628 ... -0.00041046 -0.03060517 -0.01238099
-0.0068411  -0.04575374 -0.00741658 ... -0.02615523 -0.00327644 -0.00553298
-0.01033312 -0.04139334  0.02597577 ... -0.02146495  0.00167434 -0.02915815
0.00652278 -0.0165575  -0.04056536 ... -0.01266505  0.01372826 -0.04830197
-0.00718413 -0.04849558 -0.02936531 ... -0.01748374  0.01128462 -0.01694061
-0.00039516 -0.0058126  -0.01735856 ... -0.03270163  0.00540545 -0.0056745
0.01496342  0.00533098  0.00934721 ... -0.00336892 -0.03046349 -0.0402411
0.00806936  0.01350406 -0.02206881 ... -0.01572456 -0.0112099  -0.01128659
0.00607656 -0.02538735  0.00370285 ... -0.01168486  0.00630573 -0.0113542
0.01452531 -0.0152611  -0.03746736 ... -0.02098753 -0.00578395 -0.01946972
0.00048396  0.00428284 -0.00793601 ... -0.03952936  0.01999397  0.00670066
-0.03238758 -0.02736682 -0.00529713 ... -0.03567326  0.00582649 -0.00607635
-0.02089687 -0.03878514 -0.00246635 ...  0.0030341  -0.00458855 -0.00250268
-0.01626913 -0.02987774 -0.02415971 ... -0.03828941  0.00751254  0.0005763
-0.01791798 -0.0040912  -0.0021092  ... -0.01125356  0.00636871 -0.01745162
-0.02600656 -0.0446777  -0.02303607 ... -0.05192577 -0.01580872 -0.00948736
0.00109082 -0.02356295  0.00225095 ... -0.01828334  0.02781921 -0.00696526
0.00778859 -0.02710619 -0.02985198 ... -0.03214219 -0.0125607  -0.00979755
0.01028206 -0.01318185 -0.00335224 ... -0.03107009 -0.00990497 -0.01885623
1.2923360e-02 -1.2128434e-02 -9.3375873e-03 ... -4.0193353e-02  2.1524429e-02 -9.3583149e-05
0.01126023 -0.02526285 -0.03313841 ... -0.0333313  -0.01457989 -0.01762846
-0.0039352  -0.02314586 -0.00695637 ... -0.01257863 -0.00188024 -0.01362995
-0.01811384 -0.01319168  0.00940557 ... -0.05201877 -0.00948753  0.01005262
-0.021906   -0.02757555 -0.019256   ... -0.01143257  0.00469271 -0.02441826
-0.01099933 -0.01096546 -0.00979006 ... -0.01097018  0.00829197 -0.03484359
0.00088309 -0.02597828 -0.02244929 ... -0.02218208  0.0138577  -0.02270478
-0.0199897  -0.03630479 -0.03996938 ... -0.03280408  0.01729206  0.00505862
-0.02423169 -0.02251346 -0.01270018 ... -0.01664758 -0.01557178 -0.01645436
-0.00083463 -0.03099542 -0.0227799  ... -0.02709467  0.02895672 -0.02176582
-0.01300247  0.02085411 -0.01268677 ... -0.01358685 -0.03708474 -0.0301305
-0.01701921 -0.02521268 -0.02727458 ... -0.01689123  0.0069508   0.00361386
0.00238282 -0.01921876  0.00496746 ... -0.01014228 -0.00261867 -0.03126106
-0.00598282 -0.00052045 -0.01396723 ... -0.02384377 -0.01819156  0.0049582
-0.02026423 -0.04084219 -0.00885126 ... -0.03424639  0.01579006 -0.011075
-0.0138296  -0.02850476 -0.02773949 ... -0.00126673 -0.03097582 -0.00498826
-0.014949   -0.00924625 -0.01249252 ... -0.02891016 -0.03227905 -0.005862
-0.02015686 -0.04898978 -0.02920857 ... -0.04291676  0.00664932 -0.00629885
-0.00170645 -0.01399833 -0.00922573 ... -0.02749055  0.02395239 -0.00791405
-0.01417285 -0.02381022 -0.00410579 ... -0.0237425   0.01361124  0.01443399
-0.00688125 -0.01564364 -0.02208079 ... -0.04103747  0.00901083 -0.01233394
-0.01760428 -0.0026295  -0.00993126 ... -0.02478921  0.00946153 -0.01456615
-0.01919061 -0.01179616 -0.02959916 ... -0.02982236 -0.0019553  -0.00283027
0.01713934 -0.03094215 -0.00117419 ... -0.01439121 -0.00158495 -0.02452007
0.01079373 -0.01978834  0.02847749 ... -0.02632588 -0.00897056 -0.03846678
-0.00238095 -0.0451868  -0.01268131 ... -0.02140567 -0.01482979  0.02128355
-0.015622   -0.03751316 -0.02423649 ... -0.00384754  0.01741087 -0.03115349
0.01115203 -0.03603664 -0.00180731 ... -0.00958837  0.01152091 -0.01345874
0.0159986  -0.02011271 -0.00272242 ... -0.02030177  0.00777675 -0.02186397
-0.03227171  0.00180229 -0.00392206 ...  0.0041004  -0.01428003 -0.03731109
0.00692922 -0.01754592  0.00649763 ... -0.00859939  0.00835303 -0.03895395
0.00486337 -0.04281195 -0.01228325 ... -0.02380067  0.00151128 -0.02167853
0.00012185 -0.02594332 -0.01929927 ... -0.00232817 -0.01936902 -0.01290281
0.00133165  0.01373095 -0.02296985 ... -0.02397449 -0.03853846 -0.01151885
-0.00037992 -0.01128981 -0.03299852 ...  0.00162808 -0.00752502 -0.02142852
0.02852493 -0.00624423 -0.04083007 ... -0.04047991 -0.00378995 -0.01701276
-0.00797556 -0.02973898 -0.01847516 ... -0.02337923  0.01922207 -0.0457229
-0.00223605 -0.01400404 -0.01513383 ... -0.02946402  0.01190648 -0.00600534
-0.00487123 -0.00093508 -0.0217675  ... -0.01913033 -0.002723   -0.00897974
-0.00410728 -0.03496922 -0.02140059 ... -0.02291927  0.01061372 -0.03255365
-0.01630419 -0.02486895 -0.04273561 ... -0.00519418  0.01812148 -0.04828653
-0.01280043 -0.03254692 -0.04623789 ... -0.02599237  0.00213698 -0.02524124
-0.00255756 -0.03110246 -0.02904867 ... -0.02149645 -0.00294928 -0.01923434
-0.01561734 -0.03888025 -0.00985058 ... -0.03514905 -0.00991885 -0.02233815
0.01771729 -0.03138641 -0.00305032 ... -0.0022788   0.00158117 -0.01514905
-0.00603188 -0.02696628 -0.02216916 ... -0.02818096 -0.01278917 -0.02021423
0.01175141 -0.01565277 -0.00806256 ... -0.03866025 -0.00617824 -0.0216627
0.00035068 -0.02917277 -0.01918982 ... -0.02093144 -0.02611271 -0.02207027
-0.00185488 -0.0216507   0.00214379 ... -0.0012926   0.00127412 -0.00075596
-0.00186376 -0.04201826 -0.02057318 ... -0.03694876  0.00556406  0.00474283
-0.01454565 -0.02782847 -0.01435257 ... -0.00663769 -0.01324329 -0.02843937
0.00486059 -0.01720341 -0.01177074 ... -0.01676677  0.00127793 -0.03561529
-0.00778551 -0.02945879 -0.02769388 ... -0.03123323 -0.00837998 -0.01676855
0.02409814  0.00342452  0.00226872 ... -0.03872025 -0.01038907 -0.01965624
0.00137917 -0.02674713 -0.00061391 ... -0.01136534 -0.02743862 -0.03291603
-0.00651028 -0.02836048 -0.0110226  ... -0.03659328 -0.01600197 -0.00200437
0.02645108 -0.01354893 -0.02138499 ... -0.03889339  0.02562696 -0.00497317
0.01016582 -0.01399605 -0.03828966 ... -0.01903661  0.00149    -0.00553233
-0.00569793 -0.0248815   0.01351998 ... -0.00069378  0.0096829  -0.01834407
-0.01206598 -0.00510708 -0.02003132 ... -0.00749636 -0.00785689 -0.03152152
0.02127196 -0.01075986  0.00510858 ... -0.01782285 -0.02008657 -0.0108784
0.02280316 -0.02315187 -0.01745859 ... -0.02844783 -0.00513531  0.0080765
0.02028228 -0.02519368 -0.01647635 ... -0.01954071 -0.01369906 -0.03164573
0.02124999 -0.01926448 -0.01639396 ... -0.02765029 -0.01886319  0.00361326
0.01579024 -0.01817973 -0.0269463  ... -0.02844521  0.0068306   0.00792606
-0.0154283  -0.02354102 -0.00604439 ... -0.01695333 -0.00356581 -0.01756928
0.00201187 -0.03582893 -0.00745052 ... -0.00692754 -0.01502999 -0.03199356
-0.00109602 -0.0047691  -0.02538387 ...  0.00548102  0.00359385 -0.01737349
0.00973603 -0.0251746  -0.02090489 ... -0.00399751 -0.00274774 -0.01644193
-4.1485322e-03 -2.5853565e-02  5.3013300e-05 ... -8.5806176e-03 -1.3850646e-02 -2.5552514e-03
-0.03035031 -0.02773414 -0.02016108 ... -0.02226756  0.00446474  0.01343944
-0.00253397 -0.01924569 -0.01885061 ... -0.03689135 -0.01539567  0.01270384
0.01240775 -0.02109759 -0.00984359 ... -0.05232272 -0.02284596  0.02192702
0.0024133  -0.02191106 -0.00931859 ... -0.00483423 -0.00298471 -0.02684908
-4.5096374e-05 -1.6472613e-02  1.4789297e-02 ... -4.7877501e-03 -5.6113461e-03 -9.1300532e-03
-0.00577335  0.00584881 -0.02722374 ... -0.00595224 -0.01585163  0.00086249
0.00384972 -0.01598175 -0.01954696 ... -0.03904984 -0.02522277 -0.01755237
0.01789575 -0.03832995 -0.01808487 ... -0.00944429 -0.01438362 -0.02434466
0.00635259 -0.00217583 -0.00711769 ... -0.00893965 -0.00374604 -0.0163593
0.0017329  -0.01683033 -0.00341608 ... -0.01291856 -0.03449255 -0.00966598
0.00283039 -0.04220548  0.00223389 ... -0.01626206  0.02368347 -0.03439429
0.02151651  0.00536742  0.00092292 ... -0.02687198 -0.00533481 -0.02243095
0.0146969  -0.00692694 -0.01188428 ... -0.02436984  0.02136731 -0.02749439
0.00217942 -0.00288651 -0.04159436 ... -0.01367136 -0.00694368 -0.00171453
0.02713603 -0.03604482 -0.04071914 ... -0.02631341 -0.00103635 -0.0277493
-0.01983458 -0.00878519 -0.00830821 ... -0.0314745  -0.00119987 -0.01460024
-0.00810303 -0.02093177 -0.01796507 ... -0.04433955 -0.02983142 -0.00730526
-0.01043854 -0.01294769  0.00894574 ... -0.02486398 -0.02150252 -0.00976704
0.01258133 -0.04397258 -0.01237558 ... -0.01542504  0.00475039 -0.01963748
0.00944807 -0.03615979 -0.02232711 ... -0.02319668 -0.01220712 -0.04165613
-0.01767623 -0.0144515  -0.01435184 ... -0.00653966 -0.01456209 -0.0141542
0.00529286 -0.00147283 -0.00974774 ... -0.01891151 -0.00973855 -0.00025553
0.03538781 -0.02749725 -0.00641237 ... -0.02064817 -0.02266979 -0.03066784
0.00500256 -0.01888481  0.00804641 ... -0.02927959  0.01164843 -0.02187748
-0.00508614 -0.00044579  0.01819519 ... -0.02903903 -0.00785851 -0.02024248
-0.01496862 -0.01322892 -0.00090177 ... -0.00241507 -0.02097179 -0.03918346
0.00855781  0.00794882 -0.00687505 ... -0.02745346  0.0006955  -0.01144739
0.01481667 -0.0192995   0.01144705 ...  0.01524484  0.00727076 -0.01696898
-0.01848166 -0.00554851 -0.01231308 ... -0.01519915  0.00923281 -0.01192633
0.00444269 -0.01702815 -0.00992459 ... -0.04234763 -0.01838881 -0.02883101
-0.0132162   0.00899179 -0.01504754 ... -0.02152825 -0.02065272 -0.01544104
-0.02427527 -0.01482649 -0.02198117 ... -0.03175861 -0.00578895 -0.03060845
0.00552121 -0.0192773   0.02672707 ... -0.01422758 -0.01525457 -0.01813474
0.00437994 -0.02786716  0.01333998 ... -0.03306606 -0.00383124 -0.00868743
-0.00266095 -0.01317307 -0.00916493 ... -0.04094648 -0.03560705 -0.01524788
3.1133372e-04  1.4999133e-02  4.7373363e-05 ... -2.1067051e-02  2.5710011e-02 -2.7261226e-02
-6.3901036e-03 -8.0957485e-05 -7.7070245e-03 ... -4.3671034e-04 -1.5988735e-02 -2.4192829e-03
-0.00489342 -0.03055716 -0.01959085 ... -0.01499041 -0.00690328 -0.03947632
0.01917887 -0.00630427  0.01447799 ... -0.01491097  0.01796793 -0.01165421
-0.01645992  0.00614097  0.00649666 ... -0.03243253  0.00056347 -0.00492757
0.00075595 -0.01408029 -0.00619272 ... -0.01786593 -0.02001678 -0.04542935
0.001179   -0.00878468 -0.041904   ... -0.0036036  -0.02356506 -0.00917028
-0.00633506 -0.01061414 -0.00058257 ...  0.0026131  -0.00998304 -0.03102914
-0.00818811 -0.02513194 -0.0107458  ... -0.00449024  0.01355468 -0.00968769
-0.02726899 -0.01166459 -0.01010542 ... -0.03132576 -0.00760823 -0.01256081
-0.01855947  0.00050372 -0.01066716 ... -0.01056263 -0.00224088 -0.00728326
0.00789353  0.00115009 -0.00783373 ... -0.02628702  0.00722676 -0.01176689
-0.00824248  0.00402243 -0.03581059 ... -0.0078726  -0.02083646 -0.03474792
-0.01286238 -0.01150343 -0.03248661 ... -0.01068704  0.03654237 -0.01713395
-0.00879762 -0.00761694 -0.00798666 ... -0.01639679  0.0069724  -0.01665054
2.0168331e-02 -3.7602328e-02 -3.6755993e-04 ... -9.4627785e-03 -4.2078183e-05 -2.6994454e-02
-0.00174455 -0.04552739  0.00221697 ... -0.00263082 -0.00265579 -0.01254274
0.00292263 -0.00630161 -0.021396   ... -0.02305206 -0.00866026 -0.01186055
-0.02207151 -0.01374474 -0.02225095 ... -0.01863909 -0.00687587 -0.00862045
0.01907999 -0.03200306  0.01403533 ... -0.01176595  0.00659297 -0.05179934
0.00809631 -0.0051333  -0.01565337 ... -0.03151967 -0.00227009 -0.01617254
-0.00740303 -0.00313525 -0.00178198 ...  0.02067997 -0.01947086 -0.03545826
0.00306812 -0.03092434 -0.00610897 ... -0.02502579 -0.00858299 -0.01125816
-0.00923216 -0.0221696   0.00558835 ... -0.0239197   0.00488788 -0.01839646
0.0003497  -0.02552042 -0.01785435 ... -0.01664135 -0.01062286 -0.00319976
-0.01144718 -0.00921617 -0.01793499 ... -0.00338338  0.01759139 -0.01855337
0.01908302 -0.02118712 -0.02119428 ... -0.02967181  0.00100478 -0.01246242
9.95461550e-03 -1.50967482e-02 -1.56640690e-02 ... -1.29103409e-02 -1.33137655e-05 -2.74003875e-02
0.00142147 -0.01907649 -0.00997846 ... -0.02116308 -0.00352374 -0.04088792
0.00049657 -0.00098542 -0.02268086 ... -0.01334564 -0.02136497 -0.04108946
-0.00154728 -0.04222643 -0.00873932 ... -0.05125476  0.0003285  -0.02162927
-0.01226099 -0.03572281 -0.02695212 ... -0.00069609  0.02205957 -0.00817535
-0.01807507  0.00793313  0.01956616 ... -0.02419494 -0.00011564 -0.0017975
-0.00633034  0.00199741  0.01487683 ... -0.02356275 -0.00485084  0.00147214
-0.02976236 -0.02379453 -0.01980111 ...  0.01449836 -0.01923585 -0.01852869
-0.00320901 -0.02604831 -0.02262668 ...  0.00600089  0.0227768  -0.01710247
