-0.02396373  0.01602475 -0.01293746 ... -0.02217566 -0.00205017  0.00454386
-0.00847768  0.03173135  0.00024799 ... -0.01703826 -0.01825981 -0.02104876
-0.00702198  0.00783987  0.00825531 ... -0.0381812  -0.00466189 -0.01946948
-0.0057936  -0.04065847  0.0003903  ...  0.00181514  0.01629217 -0.016531
-0.02577173 -0.00127027  0.01193566 ... -0.02414753  0.00483575 -0.02075655
-0.01835958 -0.02470767  0.00569898 ... -0.01976079 -0.02750727 -0.00536365
-0.00517179 -0.0173916   0.0169722  ... -0.01033695  0.04385459 -0.03075454
-0.00343284 -0.01309956 -0.00944104 ... -0.03182282 -0.00233483 -0.01169159
0.01414927 -0.01952613  0.00642746 ... -0.03071623  0.00392105 -0.02630631
0.01026533 -0.02759981 -0.00199379 ... -0.0180229  -0.0145308   0.00020442
0.00605062 -0.03089552 -0.01040768 ... -0.03932256  0.00154773 -0.00983299
-0.01507153 -0.04404804  0.00425021 ... -0.03710289  0.00693414 -0.01093081
-0.01016033  0.00277363 -0.01991071 ... -0.01695279 -0.02014875 -0.01244702
-0.00723157  0.02889303  0.0127737  ... -0.05464055 -0.00969526  0.00832187
-0.01917658 -0.02147264 -0.00371621 ... -0.04916769  0.00305866 -0.02336059
0.0171329  -0.02706101  0.00119735 ... -0.01334572 -0.0108978  -0.02320964
0.00173008 -0.00266842  0.00692148 ... -0.01699024 -0.00297955 -0.02278491
-0.00681609 -0.01019511 -0.01794833 ... -0.03128832  0.01192943 -0.0244692
-0.0005031  -0.00234201 -0.00686945 ... -0.0192689  -0.02570821 -0.01059515
0.00558362 -0.00910221 -0.00108826 ... -0.02447846 -0.01154046 -0.03277305
0.02476846 -0.01247219 -0.00400838 ... -0.03799599  0.00978355 -0.01030254
0.01145566 -0.00355638 -0.00792163 ... -0.02167692  0.00125324 -0.02007611
-0.00442887 -0.00856994 -0.00403966 ... -0.00922889  0.01417733  0.00354434
0.00198653 -0.03679113  0.01191838 ... -0.00014966 -0.01091355 -0.01331968
-0.00971099 -0.02474097 -0.02034206 ... -0.02586404 -0.00899156 -0.05085503
-0.00417858 -0.02529326 -0.01774303 ... -0.00953576 -0.01820087 -0.00625818
-0.01863099 -0.0218227   0.00131247 ... -0.02445165  0.01878265 -0.01672561
0.00102896 -0.02113744 -0.03222659 ... -0.02095779  0.02392851 -0.02866787
-0.01457727 -0.01330502 -0.0231365  ... -0.02426734 -0.000833   -0.01805493
-0.02814007 -0.03457116 -0.00923622 ... -0.00573825  0.01291999 -0.02107024
-0.01480601 -0.0312989  -0.01845946 ... -0.03537897  0.00011625  0.00069015
0.01344273 -0.01134159 -0.01619141 ... -0.02901482  0.00181401 -0.04110477
0.0008089  -0.0277766  -0.01666632 ... -0.03207476  0.00146592  0.00365733
-0.013523   -0.0278618  -0.02615964 ... -0.02428158  0.01512729 -0.02168191
-0.02158376  0.01424441 -0.01464534 ...  0.00128824  0.01316511 -0.02657284
0.0077223  -0.00348643 -0.02671473 ...  0.00826739 -0.01881346 -0.03554456
0.00786299 -0.0096387  -0.01654519 ...  0.00869024 -0.02931531 -0.03184135
-0.00185025 -0.03193295 -0.02944499 ... -0.02981559  0.00555339 -0.0287232
0.00320061 -0.02988429 -0.01099565 ... -0.01611839  0.00737439 -0.02052266
-0.00491019 -0.02077432  0.01034125 ...  0.00153505  0.0089497  -0.02231755
0.00840484 -0.01400576  0.01524981 ... -0.03491997  0.00557878  0.01103026
0.00250227 -0.01660712  0.01039528 ... -0.00438293 -0.00029888  0.00644532
0.00263094 -0.03155335 -0.01614443 ... -0.02567716  0.00487564 -0.00376053
0.00335672 -0.00293674 -0.00222844 ... -0.03744425 -0.01315774  0.00400636
-0.0156649  -0.02759459 -0.01695983 ... -0.01193249 -0.02598797 -0.03056992
-0.01847832 -0.02800896 -0.00216121 ... -0.01875946  0.01473981 -0.03287078
-0.00712982  0.00034535 -0.00202588 ... -0.02694923 -0.00097035 -0.02766629
-0.00155896 -0.01686494 -0.01073958 ... -0.03124431 -0.00301664 -0.00737948
-0.00506153 -0.0143534  -0.01654922 ... -0.03168994 -0.00469935  0.00058529
-0.01745027  0.01764766 -0.02372982 ... -0.0307977  -0.02110518  0.00045078
-0.00500441 -0.02371957 -0.01402736 ... -0.00499203 -0.004688   -0.01498945
-0.00555037 -0.01763773 -0.01514283 ... -0.02807527  0.00057924 -0.02491549
-0.00424582 -0.03077138 -0.02045025 ... -0.01463539  0.00461224 -0.00675814
0.00440846 -0.03583584  0.00743248 ... -0.03651536 -0.01205828 -0.01284296
-0.00584395 -0.01605227 -0.01611116 ... -0.02557536 -0.01157602 -0.02448397
0.00207296 -0.02948811 -0.02493568 ... -0.02713103  0.02054488 -0.01324593
0.0011635  -0.01086969 -0.02387076 ... -0.00535559 -0.01040058 -0.02553667
-0.00543967 -0.03285393 -0.01192966 ... -0.02626753 -0.00276482 -0.01061216
-0.00111733 -0.02036667 -0.00857044 ... -0.00141858  0.00626787 -0.01270735
0.014296   -0.03765808 -0.00304064 ... -0.02256723 -0.01676174 -0.01829377
0.01768742 -0.02903074 -0.0217479  ... -0.03717102  0.00229186 -0.03933912
-0.00276404 -0.00841992 -0.01619758 ... -0.00347859  0.00356134 -0.00521377
-0.02845283 -0.00095868 -0.02166185 ... -0.03081265  0.01330259  0.01565508
0.00380067 -0.00246039 -0.01800852 ... -0.05497492  0.01398137  0.00522704
-0.01080253 -0.00402348 -0.0160594  ... -0.02046925  0.02737571 -0.01088502
0.00384378  0.00241338 -0.04313019 ... -0.02630677 -0.00218622 -0.00849957
0.00456556 -0.02027433 -0.01911531 ... -0.04696054  0.01931229  0.01110447
0.01374434  0.00471632 -0.00554857 ... -0.01292954 -0.03348101 -0.01804284
4.2589640e-05  1.2095415e-02 -4.0180949e-03 ... -4.8311334e-02 -1.2179267e-02  1.4708997e-04
-0.00426766 -0.02312821 -0.01212046 ... -0.0329226   0.01436994  0.00805444
0.01162536  0.00811046 -0.02366687 ... -0.02099713  0.04271698 -0.00954571
0.01167558 -0.03505028 -0.0055638  ... -0.00295382  0.01536743  0.00028644
0.00315641 -0.00913535  0.0083411  ... -0.00363931  0.0065787  -0.00309813
-0.00259465 -0.00484948 -0.00986338 ... -0.00085103  0.01413682 -0.00056587
-0.01514716 -0.03038122 -0.01875573 ... -0.01752594  0.0406187  -0.01966651
0.00127572 -0.01932029 -0.01890973 ... -0.00409972  0.01244171  0.01624005
-0.03460149 -0.01639657 -0.04816547 ... -0.01355876  0.02455833  0.00143913
0.00058223 -0.00577394 -0.03076945 ... -0.02601423 -0.01361164 -0.01642692
-0.01375353 -0.03030677 -0.03626093 ... -0.01267871  0.01328528 -0.00304163
0.00851384 -0.01248883 -0.01751934 ... -0.03447999 -0.01225116  0.00733848
0.00330147 -0.01194275 -0.00367144 ... -0.02442823 -0.0012929  -0.01617044
0.02123596 -0.00936886 -0.02122752 ... -0.03114273  0.00680126 -0.00109498
0.00808585  0.00826008  0.0085296  ... -0.04128443 -0.04697212 -0.03073102
0.00874954  0.00170946 -0.00678845 ... -0.05068922  0.02176734 -0.02183457
-0.01074679 -0.00785083 -0.0204517  ... -0.04263598 -0.01668112 -0.02116139
-0.02001164 -0.00487129 -0.03462383 ... -0.02634903 -0.00423008 -0.00044039
-0.01336138 -0.00257734  0.02824499 ... -0.0103445   0.00674018 -0.00095875
2.5082256e-05 -2.8787684e-02 -1.7751852e-02 ... -2.1968471e-02 -1.4098036e-02  1.2652310e-02
-0.00686701 -0.02068816 -0.03989434 ... -0.03741125 -0.01004346 -0.00362441
0.00038341 -0.03644985 -0.01210391 ... -0.02776282  0.0102526  -0.00621757
-0.03216989 -0.00916676 -0.03771227 ... -0.02424917 -0.01302248 -0.00968384
0.02429165 -0.01145558 -0.01417384 ... -0.03210882  0.01229726 -0.00916276
-0.00544759 -0.01042911 -0.02080938 ... -0.01198541  0.0269482  -0.02088991
0.01817714 -0.01877901 -0.00645827 ... -0.03480517  0.00483314 -0.01702575
0.00555758 -0.02467531 -0.01316757 ... -0.0082811   0.00527658 -0.02258681
0.00405563 -0.03499187 -0.03955071 ... -0.04935501  0.02271459 -0.01869904
0.01552572 -0.01877891 -0.0113707  ... -0.01487154  0.02786659 -0.03031082
-0.02130496  0.00109559 -0.0062732  ... -0.01338636 -0.01410029 -0.02694205
-0.02616701 -0.01452707 -0.0231505  ... -0.03171792  0.00191948 -0.01698429
-0.00205408 -0.00075171 -0.00604772 ... -0.03947851 -0.0249113   0.02095703
-0.00878889 -0.01479951  0.00601545 ... -0.01911101  0.00384935 -0.01927067
0.00700408 -0.02333918 -0.00214268 ... -0.02297962  0.02808316 -0.03487648
0.0075842   0.01219476 -0.00803016 ... -0.02127892  0.01074794 -0.01673228
0.00581769 -0.01931052 -0.0026989  ... -0.02652355  0.02719517  0.00040096
0.00163456  0.00445656  0.01908639 ... -0.00546813  0.01958062 -0.00286359
0.00203129 -0.03029334 -0.00809588 ... -0.0264604  -0.00050157 -0.02413242
-0.00176966  0.00309553 -0.01552924 ... -0.01596111  0.03412553 -0.02106091
0.00839892 -0.00102799 -0.00589781 ... -0.01511451  0.01562455 -0.01506459
-0.00905195 -0.02243922 -0.01137802 ... -0.01325462  0.00154006 -0.01173022
0.04217993 -0.00982622 -0.00886837 ... -0.02331195 -0.01532249  0.00936817
0.0057577  -0.03277839 -0.02309692 ... -0.02953835 -0.02365151 -0.00612328
0.00785428 -0.01478115 -0.03733421 ... -0.05020243 -0.00455222 -0.0273321
-0.00404629  0.00476282 -0.01188576 ... -0.02714628  0.02114466 -0.00735119
0.00131542 -0.00432713 -0.01595134 ... -0.01134389  0.01726269 -0.00222119
0.00518176 -0.01085303 -0.01635338 ... -0.02342126 -0.01586047 -0.01197523
0.00659759  0.01993818 -0.01439453 ... -0.03726127  0.00698868 -0.01752828
-0.01722127 -0.03459815 -0.02082617 ... -0.03199768  0.02019364 -0.02026656
-0.01250856 -0.01483004  0.01078297 ... -0.01758434  0.00475321 -0.03125106
0.00944508 -0.02678329 -0.02471896 ... -0.03811905  0.01291822 -0.02036063
-0.01591016 -0.03838355 -0.00185506 ... -0.02323899  0.00070855 -0.02112577
0.01328692 -0.02433672 -0.00720956 ... -0.01422069  0.00669767 -0.01124812
0.00675593 -0.0212322  -0.00692452 ... -0.009805    0.01608176 -0.01697989
0.02146846 -0.01571389  0.00558559 ... -0.03186307 -0.01286531 -0.01858595
-0.00900225 -0.01701687 -0.02664385 ... -0.01759492  0.0194963  -0.01678978
0.00414006 -0.00487556 -0.00694747 ... -0.03233394 -0.00493752 -0.00798426
0.02009435 -0.00642857  0.0074742  ... -0.02799955  0.01877559 -0.03471963
-0.01675772 -0.00506464 -0.03162206 ... -0.02288243  0.00354671 -0.00996951
-0.00575771 -0.03428617 -0.01832232 ... -0.01742162 -0.02391086 -0.03442239
-0.02610043 -0.0119845   0.00542031 ... -0.01084449 -0.01873424 -0.02663106
0.0170042  -0.02732224  0.00153038 ... -0.0237327   0.01164698 -0.01427869
-0.0060279  -0.01191216 -0.00716022 ...  0.00018333 -0.00722265 -0.02713609
-0.01669249  0.00550465 -0.01740939 ... -0.01367604 -0.0050705  -0.01085773
-0.00831354 -0.01033584 -0.00322154 ... -0.02846003  0.00129412 -0.02168349
0.02326746 -0.01695577 -0.01994498 ... -0.01886521 -0.00022511 -0.00873763
0.00302936  0.01703984 -0.02036621 ... -0.02301988 -0.01476021 -0.02308643
0.01071878 -0.01930731  0.00488132 ... -0.02075424 -0.00591771 -0.01393552
0.02321879 -0.01361292 -0.02164634 ... -0.0133506  -0.01644335 -0.01252002
0.0110521  -0.01209819 -0.01661904 ... -0.03602267  0.01269975 -0.01093335
0.00010947 -0.00257828  0.01763323 ... -0.0196284  -0.0280952  -0.00335516
0.00780814 -0.03400556 -0.00245438 ... -0.01723032  0.00431267 -0.01824004
0.0127364  -0.01580502 -0.01101494 ... -0.04028872 -0.00937675  0.00315574
-0.01470743 -0.02176618 -0.01381959 ... -0.01827649 -0.00365328 -0.02616235
-0.00793692 -0.02546718 -0.00491297 ... -0.01722545 -0.01916375 -0.01724214
-0.02576315 -0.01309602  0.00055898 ... -0.0084636  -0.02818263 -0.01465779
-0.00145334  0.00657843  0.01043689 ... -0.03618166 -0.03144184 -0.00321487
-0.03049842  0.00187393 -0.01215586 ...  0.00498218 -0.02432337 -0.02626022
-0.0248878  -0.00534065 -0.01241387 ... -0.00913599 -0.01653001 -0.02578361
0.02936244 -0.01928758 -0.02235106 ... -0.02557154  0.00432056 -0.02547607
0.01527285  0.00327128 -0.02125138 ... -0.02314759  0.0027717  -0.03024111
0.00653517 -0.03170168 -0.02607225 ... -0.02831705 -0.01708503 -0.01217632
-0.00703744 -0.00857618 -0.03633199 ... -0.02569893  0.01820124 -0.00666149
-0.02159874  0.01249155  0.0034127  ... -0.01808385 -0.01258142 -0.00339919
-0.01393836 -0.00499632 -0.00873048 ... -0.02362762 -0.02107568 -0.01051648
0.0002053   0.01340126 -0.01129507 ... -0.02328923 -0.00781822  0.00366014
-0.01649103 -0.02901037 -0.00272536 ... -0.01466044  0.01017734 -0.01425543
-0.00341608 -0.02961501 -0.00990003 ...  0.00234457 -0.0068623  -0.01499002
0.02185806 -0.02855759 -0.01386776 ... -0.02241281  0.01075423 -0.03268608
-0.00324731 -0.01894414 -0.03517838 ... -0.02315225  0.006686   -0.03411045
0.000498   -0.01096432  0.00780474 ... -0.01763894 -0.0050615  -0.04667352
-0.00826365 -0.03628414 -0.02086144 ... -0.04023167 -0.01173089 -0.01117921
-0.02813162 -0.00084217 -0.03436029 ...  0.01768667 -0.03381579 -0.00978333
0.00343956 -0.02211878  0.005629   ... -0.0326128  -0.01223785  0.01491185
-0.03073518 -0.00517716 -0.02794824 ... -0.00736232  0.00398724  0.0081574
0.00845564 -0.03592364  0.01853707 ...  0.00756381 -0.01909898 -0.01205561
0.00956211 -0.01955163  0.02989731 ... -0.00884878 -0.02215114 -0.01452782
-0.00682583 -0.01370024 -0.01684485 ... -0.00468955 -0.02375523 -0.02286301
0.01942169 -0.01434949 -0.01555632 ... -0.04014799  0.0082394  -0.00768041
-3.3704774e-03 -6.8287030e-03  5.8740214e-03 ... -1.7209709e-02 -2.3846508e-03  9.1772919e-05
0.00304763  0.00918716 -0.00488158 ... -0.03169928 -0.00065886 -0.02878657
-0.00560331 -0.03727554 -0.01969614 ... -0.01525099  0.00012579  0.00100873
-0.0049285  -0.02634908 -0.02066544 ... -0.02672385 -0.01029573 -0.00837786
6.6596665e-05 -3.1550579e-02 -6.3984827e-03 ... -2.2206191e-02  2.0107681e-02 -2.7144304e-02
0.01251285 -0.01974915 -0.02187281 ... -0.03060448 -0.00387802 -0.00706859
0.01064943 -0.04018959 -0.0141109  ... -0.00793371 -0.01296908 -0.03237354
-0.00420349 -0.00938119  0.00816168 ... -0.002229    0.00067449 -0.02201951
-0.01558815  0.01471444  0.0089252  ... -0.01337282 -0.00517319 -0.01380019
0.01672862 -0.00663478 -0.0069357  ... -0.00875771 -0.03004894 -0.03137932
-0.00961351 -0.00280285 -0.00434287 ... -0.03065531  0.00516767 -0.02353129
0.01460781 -0.00835361 -0.00830159 ... -0.02670645  0.00053403 -0.00998399
-0.00831674 -0.01743974 -0.01017805 ... -0.00662166  0.0130998  -0.01885525
-0.01623708  0.00288464 -0.01510484 ... -0.03872602  0.00582248 -0.00052256
-0.00598744 -0.00599694 -0.00822736 ... -0.02006184 -0.00807179 -0.00673029
0.00261031 -0.03644578 -0.0162864  ... -0.01297774 -0.00181312 -0.02735506
-0.01841333 -0.02627024 -0.02424361 ... -0.00465278 -0.0177308  -0.00169826
-0.01196783 -0.02149296 -0.00896926 ... -0.04135576  0.00889572 -0.02935991
-0.00886365 -0.02789268 -0.02781069 ... -0.01979867  0.01175321 -0.02616722
0.0014087  -0.00453336  0.00159496 ... -0.02372821  0.00952732 -0.01274393
-0.0006035  -0.02585851 -0.01301155 ... -0.02765532  0.01586987 -0.01221536
0.00799523 -0.01683804 -0.00925847 ... -0.02005084 -0.00637131 -0.03250133
-0.0126836  -0.01709754 -0.01142858 ...  0.00165983 -0.00274367 -0.00686683
0.01112502 -0.00989204 -0.01230652 ... -0.01919457 -0.00148204 -0.02020914
-0.01398778 -0.02806481 -0.00734992 ... -0.02660973  0.00115821 -0.03082737
-0.02488192 -0.02001289 -0.02180302 ... -0.00855406  0.00835008 -0.01811025
-0.02919832 -0.01854027 -0.02046983 ... -0.02457147  0.03088862 -0.02135524
-0.00722458 -0.02513539 -0.02184287 ... -0.011876   -0.00453229  0.00647657
0.01585008 -0.01391814 -0.02890859 ... -0.03395148  0.02205993 -0.01539701
-0.03218121  0.00044343  0.00576124 ... -0.03175909  0.00124537 -0.00913509
0.01957802  0.00252002  0.00384539 ... -0.01559781 -0.02418838 -0.01105934
-0.00344389  0.00754867 -0.00447613 ... -0.01284452 -0.01914635 -0.02424357
0.01765807 -0.02924615 -0.02313059 ... -0.0411423   0.01576793 -0.0063814
-0.01001352 -0.02345393 -0.03339145 ... -0.01709964  0.00043367  0.00999955
0.01973363  0.01422172 -0.00020106 ... -0.02018515 -0.00154121 -0.02835832
0.01134653 -0.01073711 -0.02304894 ... -0.03347054 -0.01707568 -0.01512395
0.01123705 -0.01372238  0.00565933 ... -0.02068809  0.00157873 -0.02807244
0.02996664 -0.01271875 -0.02433982 ... -0.01859073  0.00697754 -0.01071564
-0.00602738 -0.00868685 -0.01539825 ... -0.04641146  0.01839152 -0.01887668
0.0248553  -0.00930956  0.01953715 ... -0.01965469 -0.00784713 -0.01664818
0.01788221 -0.02065722  0.01881947 ...  0.01281751 -0.00086288 -0.01485494
-0.00022665 -0.04488955  0.01047659 ... -0.01693514 -0.03438948 -0.0129968
0.01339599 -0.01474509  0.00555844 ... -0.02330594  0.01425106 -0.01981052
-0.01423631 -0.01827403  0.02513104 ... -0.02492777 -0.0184402  -0.02464199
-0.00264633 -0.01046932  0.02321716 ... -0.01007661 -0.02509019 -0.01716345
0.00893245  0.00057148 -0.01392278 ... -0.02944696  0.02661667 -0.01612435
0.01483509 -0.02601924 -0.02782521 ... -0.00838376 -0.00994702 -0.02259229
0.00401942 -0.02388235 -0.01596389 ... -0.00845521 -0.01328712 -0.01381377
0.01166893 -0.02236008  0.01569828 ... -0.00904264  0.01953044 -0.02141147
5.1441952e-03 -2.8813565e-02 -1.8165112e-02 ... -1.2131545e-02 -9.0540096e-05 -1.9410267e-03
-0.00991051 -0.01076795 -0.00792297 ... -0.0118807   0.0365389   0.00170959
0.00216643 -0.01068601 -0.01072564 ... -0.01075591  0.00407337 -0.00516718
-0.01870627 -0.00631261  0.01083241 ... -0.01675706  0.01268724 -0.00696456
0.00707001 -0.04010371 -0.01762358 ... -0.02311282  0.00688073 -0.01806182
0.00500855 -0.01500147 -0.00875584 ... -0.01909004 -0.00380956 -0.00034954
0.00323803 -0.01774016 -0.01180544 ... -0.01702536 -0.00386902 -0.01579841
-0.0027884  -0.03891536 -0.02155589 ... -0.00696129 -0.0005251  -0.02199163
-0.00915352 -0.02908461  0.0120985  ... -0.0148432  -0.00021466 -0.0175787
-0.0291568  -0.01199422 -0.024676   ...  0.00060179  0.01900361 -0.02668549
-0.00968633 -0.00705432 -0.02761194 ...  0.0006067  -0.00097273 -0.03252793
-0.00162074  0.00194525 -0.00916955 ... -0.01656184  0.02585485 -0.00529346
-0.02654863 -0.01764952  0.01105474 ... -0.00311973 -0.00497633 -0.01462483
-0.00426697 -0.01351047 -0.01936265 ... -0.02422614  0.00702692 -0.04100405
-0.00090638 -0.03546966  0.00972086 ... -0.01944825 -0.00332326 -0.01861748
-0.0080576  -0.00905138  0.01130673 ... -0.02608435 -0.0035514  -0.02488422
0.01025948 -0.02822508 -0.00707466 ...  0.00320449 -0.03118628 -0.01072808
0.00878477 -0.01356908 -0.01843026 ... -0.03280693 -0.01192459 -0.01000514
0.01305709 -0.01580042 -0.00620208 ... -0.03415883 -0.01539957 -0.02143419
-0.00987701 -0.01745121  0.0036782  ... -0.00881173  0.00448075 -0.01976956
0.01424671 -0.00867568 -0.00852632 ... -0.02793286 -0.02236094 -0.00426104
0.00221851 -0.03417677 -0.00155022 ...  0.00615478 -0.01168655 -0.00221493
-0.00715102 -0.01578249 -0.01973457 ... -0.02211427  0.00104048 -0.01014434
-0.00508456 -0.02795058 -0.00093294 ... -0.01826127 -0.01726903  0.00120155
0.02492892 -0.01027963 -0.01637984 ... -0.01169736 -0.02787822 -0.01186306
-0.01834762 -0.03264165  0.00327351 ... -0.01478143 -0.00771191 -0.0176855
-0.0121796  -0.02010603  0.02005841 ...  0.01892679 -0.00737224 -0.01464795
0.01795465  0.00748864 -0.01372565 ... -0.01365679 -0.01205324 -0.01899707
0.0004922  -0.01590392  0.01061731 ... -0.02038704  0.0231533  -0.03192725
0.02464614 -0.03114177 -0.02347359 ... -0.01995501  0.00349334 -0.007034
9.2304684e-03 -2.2765059e-02 -3.6483725e-05 ... -3.9630444e-03 -1.7398655e-02 -1.4283785e-02
-0.01189642 -0.01824815 -0.02512477 ... -0.02536364 -0.00182546 -0.02566122
0.00581808 -0.02501557 -0.01772311 ... -0.01759962  0.00628925 -0.02298226
-7.3302090e-03 -2.2306746e-02 -1.4986843e-02 ... -2.4857773e-02  2.7476521e-02 -8.4011313e-05
0.020221   -0.017789   -0.00288466 ... -0.01105044 -0.01475105 -0.00880488
0.00040245 -0.02398596 -0.02308572 ... -0.00746291  0.00250422 -0.02469044
0.00577632 -0.0245383  -0.01116931 ... -0.00462476  0.01446668  0.00083393
-0.01745317 -0.02675449 -0.00229993 ... -0.00994492  0.00375023 -0.02295348
0.01626534 -0.0218966  -0.0070852  ... -0.02773806 -0.01537377 -0.03201763
-0.01326633 -0.00894285  0.0238046  ... -0.01829556  0.0105407  -0.00435473
-0.00695596 -0.00488776 -0.00771981 ... -0.04953595  0.02962822 -0.02857569
0.00731595 -0.01031637  0.00755302 ... -0.02102686 -0.01794581 -0.02214967
0.01630871 -0.031275   -0.01211946 ... -0.01822689 -0.02872928 -0.01716958
0.0037625  -0.02849523 -0.01157986 ... -0.02759092 -0.03346236 -0.01826356
-0.00464889 -0.00117713 -0.02441662 ... -0.02653314 -0.00425459 -0.027074
-0.00461323 -0.0078265   0.00424005 ... -0.03657211 -0.01266083 -0.00840159
0.0255186  -0.02368399 -0.00773646 ... -0.00568107 -0.0090346  -0.03358454
-0.00093091 -0.00988745 -0.01791483 ... -0.0279119  -0.00108548 -0.00501964
0.00568503  0.01531115 -0.0080479  ... -0.01555529  0.00365077 -0.01503823
-0.0037579  -0.0189357   0.00791947 ... -0.01872548 -0.01450202 -0.03014466
-0.02077594 -0.01533958  0.00135456 ... -0.01107466 -0.00151653 -0.03375119
0.02239599  0.01559131 -0.01205395 ... -0.01866222 -0.03248743 -0.0164282
-0.00158281 -0.00116895  0.00658647 ... -0.01265209 -0.03239378 -0.02189915
-0.00485279 -0.01377257 -0.00140294 ... -0.02801015  0.01203428 -0.023078
-0.01904246 -0.00899013 -0.00182389 ... -0.02780062  0.00321141 -0.02106869
-0.0159757  -0.01021245 -0.00625892 ...  0.00423168 -0.01899725  0.00496775
0.00804481 -0.01981831  0.02381815 ... -0.02142878 -0.01246921 -0.02952631
0.00966272 -0.03229509 -0.00986578 ... -0.01642124  0.0360007  -0.01572868
0.01171817  0.00052469  0.01447822 ... -0.02869763  0.00092298 -0.03650939
-0.01434814  0.0067961  -0.01732652 ... -0.02697389 -0.01987578 -0.03050827
0.00207451 -0.01912169 -0.03063755 ... -0.04057579  0.00526158 -0.03363141
0.00452143  0.00348794 -0.01383243 ... -0.02641462 -0.01304586 -0.03677351
-0.02106408 -0.01511031 -0.04249848 ... -0.02928552  0.0065567  -0.02175564
-0.00480995 -0.00973361 -0.00605299 ... -0.00169738 -0.00077866 -0.02819517
0.00101924 -0.00197792 -0.0091945  ... -0.01628868  0.00495115 -0.01367286
-0.01192358  0.00396157  0.0040434  ... -0.0165643   0.00468147 -0.00449224
-0.01146531 -0.01301059 -0.00201784 ... -0.02079947 -0.00230933 -0.01159528
-0.02388006 -0.00142365 -0.00197702 ... -0.01104601 -0.0173927  -0.00153247
-0.0008831  -0.02835613 -0.03263658 ... -0.04132297 -0.00987193  0.0047401
0.03581111 -0.01351865  0.01036978 ... -0.0249452  -0.02626318 -0.01733119
-0.00700887 -0.00418984 -0.01003079 ... -0.01230188 -0.01178366 -0.02890874
-0.00428398  0.00422505 -0.01771509 ... -0.04583976 -0.02058212 -0.0213418
0.00543452 -0.02303491 -0.00748426 ... -0.00138657 -0.01574646 -0.01682768
-0.00135357 -0.02106267 -0.01100559 ... -0.00310508 -0.00378483 -0.02590597
0.00828542 -0.01403753 -0.00493834 ... -0.02539358  0.01053915 -0.02300375
-0.00654804 -0.02821068 -0.00515424 ... -0.00601036 -0.00766649 -0.01629432
0.0090295  -0.03336003 -0.00564528 ...  0.01890024  0.01705852 -0.00477858
0.00275772 -0.0114671  -0.00185861 ... -0.01647995 -0.0030378  -0.03098498
-0.01153683  0.00266545 -0.00685143 ... -0.01957832 -0.00959105 -0.04163925
0.01509167 -0.03444188 -0.01063436 ... -0.02369842 -0.00192613 -0.0286669
-0.00125581 -0.02462042  0.00080322 ... -0.03533348  0.02248912 -0.00910252
0.00278193 -0.03086364 -0.0054941  ... -0.00442683 -0.01461845 -0.00964525
0.00430259  0.01091888 -0.00693881 ... -0.00391703 -0.01981019 -0.00833388
0.00752006 -0.03076432 -0.0034379  ... -0.02756493  0.00015755 -0.0144394
-0.00860821 -0.00870862 -0.02101529 ... -0.01121498 -0.00830814 -0.00620504
-0.00130829 -0.01983845 -0.02268664 ... -0.02073264 -0.01331291 -0.03961826
-0.00148731 -0.02260089 -0.02985274 ... -0.01991282  0.03183516 -0.02204605
0.02522818 -0.04984719 -0.00039216 ... -0.02071317  0.01103204 -0.01193707
0.02148032 -0.03742256 -0.01570616 ... -0.0090351   0.00022925 -0.02566046
-0.013693   -0.02417311 -0.02442447 ... -0.02465643 -0.03120807 -0.01683605
-0.02508947 -0.0234334  -0.02914718 ... -0.0133486   0.00786556 -0.01207116
0.02660301 -0.0134106  -0.02771136 ... -0.0365215   0.01630173 -0.02069542
0.01658175 -0.03103961 -0.00951211 ... -0.0162752  -0.02352873 -0.00655701
0.01152519 -0.02566365 -0.0174035  ... -0.0005774  -0.02433694 -0.03021497
0.01269019 -0.00798728 -0.00854303 ... -0.0116839   0.01038687 -0.00404219
0.00740069 -0.01718456 -0.02005817 ... -0.01844216 -0.00919601 -0.00723532
-0.01901154 -0.00598202 -0.03471918 ... -0.01212174 -0.00456967 -0.02355162
0.01132072 -0.01294392 -0.01002975 ...  0.00547691 -0.01567799 -0.02327949
0.0062126  -0.01157987 -0.01432207 ... -0.00141268 -0.00106486 -0.01588945
-1.08596105e-05  7.92908203e-03 -4.03965265e-02 ... -4.52181026e-02  2.97122588e-03 -5.64990751e-03
-0.00786546 -0.00740228 -0.01616008 ... -0.03027496 -0.00131117 -0.01433054
-0.04211672 -0.01478927 -0.01958196 ... -0.01135961 -0.01605604 -0.00152725
-0.00145721 -0.01340238 -0.01765198 ... -0.01977132 -0.03683995 -0.02107833
0.00320516  0.00308446 -0.01157629 ... -0.02553006 -0.01073125 -0.02488104
-0.00281826 -0.00891419 -0.02833051 ... -0.01661501  0.00881838 -0.03765019
0.00918696 -0.00370881 -0.03421521 ... -0.05172668 -0.01738141 -0.00947126
-0.02017352 -0.00488567 -0.00449039 ... -0.00083937 -0.00526789 -0.02240524
-0.01568732  0.0173107  -0.00739711 ... -0.00954088 -0.01307709 -0.01919877
0.00780044 -0.01018678  0.00497896 ... -0.03628359  0.02533593  0.00569814
-0.00605701 -0.02037461 -0.00925904 ... -0.04408427  0.0182911  -0.02111142
0.0162207   0.00214104 -0.01043156 ... -0.030027    0.00349055  0.00340337
0.03109852 -0.00851125 -0.00466092 ... -0.04112917 -0.0160092  -0.00720361
-0.00961287 -0.02078899 -0.0308158  ... -0.04362448 -0.0096852  -0.00770765
0.00959169 -0.02132042 -0.00624228 ... -0.01825407  0.01029978 -0.01441422
-0.0130985  -0.01962439 -0.02818546 ... -0.03010483 -0.01095311 -0.0081828
0.0301514  -0.01312397 -0.01369991 ... -0.02727951  0.02741217  0.00323476
0.02201793 -0.03331245 -0.01901559 ... -0.0134611  -0.02213296 -0.01296463
0.00078116 -0.03485643  0.0043264  ... -0.03910598  0.00636491  0.00290066
0.00241563 -0.02951756  0.00819014 ... -0.03080111  0.01610964 -0.01456197
0.00649353 -0.01846049  0.0011097  ... -0.04077838  0.00268071 -0.00406994
0.00212154  0.00372554 -0.00062936 ... -0.01679442 -0.00481759 -0.01192084
0.01192725 -0.01542179 -0.00932966 ... -0.02702451 -0.00658196  0.00305751
-0.00391081 -0.02301399 -0.00152385 ... -0.03436672  0.01760945 -0.00817241
0.0063104  -0.02228851  0.01152346 ...  0.00054778  0.00195269 -0.03790637
-0.0048135  -0.03550329 -0.0029176  ... -0.02240199  0.01049888 -0.01104817
0.00101045 -0.04322562  0.00016649 ... -0.00286324  0.00993337 -0.02047504
-0.00588303 -0.026123   -0.02618715 ... -0.0127974   0.00746289 -0.02607756
0.01288088 -0.01733664 -0.01518959 ... -0.03635633  0.01500705 -0.02796416
-0.00196042 -0.01594033  0.00059641 ... -0.03141278 -0.00588786 -0.02807158
0.00905658 -0.03509231 -0.0136777  ... -0.02836743  0.00554801  0.01153171
0.01085085 -0.01061667  0.00963496 ... -0.00347441  0.0030063  -0.02101198
0.00820502 -0.02946062 -0.00978442 ... -0.0191458   0.00314141  0.00417663
0.00850796 -0.01291322 -0.0333896  ... -0.02614418 -0.00796427  0.0044331
0.00876885 -0.03235729 -0.02647098 ... -0.01750761  0.03084411 -0.01199491
-0.00695702 -0.01835107 -0.01116113 ... -0.01324993  0.00946394 -0.01576132
8.04986991e-03 -2.93663535e-02  2.68455315e-05 ... -1.52748935e-02  2.95771868e-03 -1.82429142e-02
-0.00491632 -0.0102452  -0.02456086 ... -0.00633981  0.01840704 -0.00826663
0.01995895 -0.01313741  0.00140326 ... -0.04122987 -0.01586355 -0.03831296
0.00139874 -0.01816871  0.00051025 ... -0.01828413 -0.00744468  0.01179612
0.0168615  -0.03776714 -0.01001393 ... -0.00410291 -0.04043993 -0.02794969
0.01405323 -0.0108564  -0.03495144 ... -0.02678481 -0.00623691  0.00038807
-0.01019578 -0.00786023 -0.00822677 ... -0.01386822 -0.00785535  0.0090272
0.01408509 -0.02524063 -0.00078891 ... -0.02078579  0.0013348  -0.00610063
0.03636754 -0.01642028  0.02387746 ... -0.02201981  0.01021498 -0.03100318
0.01141995 -0.02624817  0.0024661  ... -0.02693965 -0.00606338 -0.02902613
0.0067645  -0.01658179  0.01927119 ... -0.02209279  0.01474826 -0.02849209
0.01144765 -0.00369233 -0.02697406 ... -0.00252912 -0.00749665 -0.00173386
-0.00045512 -0.02194455 -0.01499292 ... -0.02104122  0.01142056 -0.00311908
0.03170266 -0.02233595 -0.01120474 ... -0.03344857 -0.01485404 -0.02114406
-0.00271712 -0.02173073 -0.01529092 ... -0.02276777  0.00845698 -0.01238764
0.01159337 -0.01611263 -0.03791093 ... -0.03816346  0.00641259 -0.01091181
-0.009777   -0.00446742 -0.01698829 ... -0.04578416 -0.01368417  0.00431982
0.02043113 -0.04785103 -0.01152936 ... -0.03001018  0.00475952 -0.01966111
0.00710586  0.01006705 -0.02524138 ... -0.03672034  0.03738705 -0.0130268
-0.01241546 -0.00670758 -0.02351863 ... -0.01393745  0.01026613  0.00070455
0.02423493  0.00396064  0.00109718 ... -0.02152674  0.01135649 -0.01776453
0.03018874 -0.0099252  -0.00923354 ... -0.00714174 -0.0044362  -0.02162223
0.01110601  0.00459028 -0.01060313 ...  0.00502205 -0.02256607 -0.00641409
0.00366295 -0.04545007 -0.0467755  ... -0.01856968 -0.00544309 -0.01494586
0.0204202  -0.01212955 -0.00517638 ... -0.028235    0.01073692 -0.00073214
0.00658359 -0.0313494  -0.02620099 ... -0.00369872  0.00680078 -0.01605289
-0.00588776 -0.0130229  -0.02553097 ... -0.00142009 -0.00085139  0.0039546
-0.01784662 -0.02701341 -0.00486886 ...  0.00109072 -0.02351072 -0.01204039
-0.00527805  0.00152932 -0.03159275 ... -0.00881893  0.01705065  0.01486263
0.00077483 -0.02662047 -0.00149122 ... -0.01433212  0.00648233 -0.00685981
0.00090971 -0.01424783 -0.01110589 ... -0.01676374  0.01081592 -0.00739487
-0.00071079 -0.02398717 -0.03122884 ... -0.03913932  0.00026057 -0.03404661
0.00725222 -0.03001132 -0.00285268 ... -0.00714205  0.01311523 -0.00037628
0.04160006 -0.03155565 -0.01030893 ... -0.03058315  0.00507748 -0.01195861
-0.00873898 -0.01595139 -0.01586719 ... -0.01166836 -0.01452521 -0.03306589
-0.01797343 -0.0280333  -0.00698803 ... -0.02154975  0.00551766 -0.04611633
0.00709273 -0.02621567  0.0198072  ... -0.03448217  0.01748375 -0.0061337
0.00250648 -0.01496511 -0.00560074 ... -0.02745065 -0.02264365  0.00470823
-0.00557208  0.0030571   0.00194135 ... -0.0271761  -0.01050493 -0.01662488
-0.0283561  -0.02183203 -0.02691889 ... -0.01496469 -0.00539909 -0.03256977
-0.00864437 -0.01448232 -0.01185887 ... -0.00483708  0.00765452 -0.02780984
-0.01184464  0.00167332 -0.0029102  ... -0.01089136 -0.01132405 -0.00306923
-0.00769772  0.00469662 -0.01270603 ... -0.00935408 -0.01209808 -0.00885485
0.0029245  -0.02696753  0.00212937 ...  0.00307705 -0.01744976 -0.03562287
-0.02344557 -0.0062381  -0.04073994 ... -0.0099826  -0.00731769 -0.01661716
-0.01092124 -0.01171569 -0.01886179 ... -0.02351414  0.00041291 -0.01674428
-0.01560516  0.00772009 -0.00676332 ... -0.0354858   0.00172828  0.00715367
0.0021179  -0.00839873 -0.01280065 ... -0.01737765 -0.01135647 -0.023866
-0.01699674  0.00020459 -0.00686022 ... -0.02339873 -0.01257938  0.01055666
-0.0064947  -0.00963944 -0.03904532 ... -0.02497765 -0.01710566 -0.04265729
0.01696122 -0.03523279  0.00980011 ... -0.04018338 -0.01170675 -0.02458231
0.00882571 -0.02003629 -0.00849429 ... -0.01685655 -0.00322249 -0.03525918
0.01477658 -0.02599269 -0.02137097 ... -0.03011833 -0.01447916 -0.00762165
0.02450643 -0.00776605 -0.0154573  ... -0.01948788 -0.0190403  -0.03551345
0.00200431 -0.02196654 -0.00958007 ... -0.01351418 -0.00707336 -0.01362538
-0.00189371 -0.00966483 -0.00966439 ... -0.01186343 -0.00681054 -0.02008269
-0.01922224 -0.02809822 -0.01369294 ... -0.02149203  0.00269416 -0.04498329
0.00490105 -0.0131978  -0.02256843 ... -0.00656426 -0.00300905 -0.02969982
-0.00172382  0.00749463 -0.01614238 ... -0.00896542 -0.01740042 -0.01566149
-0.00481981 -0.01943876 -0.01299169 ... -0.01068979 -0.01656456 -0.03071425
-0.01722134 -0.01395092 -0.00954665 ...  0.00399508 -0.04267512 -0.02674736
-0.00915186 -0.01974987 -0.01808552 ... -0.03451339  0.00983958 -0.00244442
0.01100536 -0.03327775 -0.00773735 ... -0.00537052  0.00839819 -0.02262541
-0.01183718 -0.01935676  0.01564057 ... -0.00673257 -0.00301536 -0.01633397
-0.03149123 -0.00619468 -0.023254   ... -0.01754118 -0.0160073  -0.03531453
-0.00498342 -0.03799216 -0.01219073 ...  0.00465505 -0.02302127 -0.01234698
-0.00125929 -0.02760141 -0.01019829 ... -0.01571712 -0.02652731 -0.0237652
-0.01134208 -0.02457397  0.00118989 ... -0.04837324  0.00170169 -0.00279699
-0.01334811 -0.04213111 -0.01247607 ... -0.0153389  -0.00136231 -0.01138353
-0.01426515 -0.03270883  0.00371618 ... -0.01395108 -0.00219601 -0.01982585
0.01138258  0.00030758 -0.01456056 ... -0.01646699 -0.00112124  0.00453371
-0.02079205 -0.0079509  -0.03039198 ... -0.01206762 -0.00780656 -0.02990289
0.0042191  -0.00817824 -0.02580399 ... -0.04290714  0.00113189 -0.00666838
-0.00726999 -0.04213232 -0.0356961  ... -0.03375224  0.02357913 -0.00948391
-0.00142933 -0.0087504  -0.00058855 ... -0.01156134 -0.01137945  0.00778717
-0.00239645 -0.01101702 -0.00467862 ... -0.02394262  0.0061934  -0.011548
-0.00411464 -0.01483839 -0.00723217 ... -0.02645869 -0.02332949 -0.01645133
0.02028565 -0.00500085 -0.00815061 ... -0.02824308  0.01904501 -0.02462771
0.00056976 -0.01540022 -0.00148955 ... -0.00954139 -0.01354039 -0.02655131
-0.00374011 -0.01771416  0.0079435  ... -0.03204798 -0.00488512 -0.0251318
-0.01037323 -0.01183198 -0.00574244 ... -0.01990838 -0.00143554  0.00502393
0.03844403 -0.0072707  -0.0065089  ... -0.00512478 -0.01053816 -0.03820632
-0.01248486 -0.00336518  0.00136468 ... -0.02317441 -0.01303139 -0.01305284
0.02317357 -0.00510777 -0.01030458 ...  0.01575992 -0.00480211 -0.02978215
-0.02347393 -0.02593876  0.00721862 ... -0.0034621  -0.03595674 -0.0164435
0.00190874 -0.00259472 -0.00719139 ... -0.03600341 -0.01295994 -0.00774181
-0.01970505 -0.00842238  0.00806018 ... -0.0246447   0.00027325  0.0034575
-0.03093917 -0.003081   -0.02124364 ... -0.00327428 -0.00946326 -0.01116495
0.00327409 -0.03559257  0.00086298 ...  0.00103473  0.01508036 -0.01348881
0.02478347 -0.01685853  0.01153871 ... -0.02333527  0.01764375 -0.01932839
-0.00734294  0.00219231 -0.01861246 ... -0.01052767 -0.04003858  0.00781259
-0.00598276 -0.03388413  0.00464912 ... -0.00164546 -0.00045975 -0.02502987
-0.00821539 -0.01328334 -0.01426625 ...  0.00869406  0.01157163 -0.02198047
0.02140766 -0.02375066 -0.00669046 ... -0.01273231 -0.0120438  -0.02850218
-0.01447972 -0.02743128 -0.01454917 ... -0.01145264 -0.00017909 -0.02765553
0.00083862 -0.04046121 -0.02585084 ... -0.01296407  0.00315905 -0.0151094
0.01917636 -0.01621583 -0.02768835 ... -0.02752792 -0.01952804 -0.0122747
-0.008879   -0.03703894  0.00971133 ... -0.01464933  0.01026008  0.00150168
-0.01753058 -0.00580384 -0.00208808 ... -0.02885666 -0.0085474   0.01446525
-0.03000429  0.00326103 -0.01495775 ... -0.00826142 -0.01480961 -0.00672403
-0.01164083 -0.00350187 -0.01907681 ... -0.01523947  0.02499825 -0.01220391
-0.00427567 -0.00106799 -0.02888875 ... -0.03826229  0.03541248 -0.03172489
0.00799943 -0.02602952 -0.02239048 ... -0.03746176  0.01398132 -0.02332555
-0.02299349 -0.02415404 -0.01824128 ... -0.01202471  0.02477975  0.00194451
-0.02433259 -0.00212083 -0.02464928 ... -0.04477725  0.01760796 -0.00024686
0.00602404 -0.00041731 -0.00500081 ... -0.00028435 -0.01053689 -0.01538432
0.00288889  0.00043745 -0.02686117 ... -0.02080415 -0.0074418  -0.02736704
0.00144902 -0.01441354  0.01091772 ... -0.01504163 -0.01765551 -0.00190865
0.01013719  0.00589526  0.00625886 ... -0.01841424 -0.01450479 -0.01541196
-2.1473873e-02 -1.6118068e-02 -6.7621229e-05 ... -8.9507839e-03 -1.8082522e-02  2.1480923e-03
0.01340159 -0.01664169 -0.02758142 ... -0.03757589 -0.03344967 -0.02095735
-0.01308706 -0.01336718 -0.00823068 ... -0.03645765 -0.00230347  0.00691252
-0.01905517 -0.01137538 -0.02052137 ... -0.01995806 -0.01856821 -0.01662948
0.00651907  0.00099696  0.00877572 ... -0.00977596 -0.03970444  0.0047775
0.0157908  -0.0162682  -0.01103017 ... -0.01412976 -0.04358204 -0.03450319
-0.01133243 -0.02277729 -0.00881359 ... -0.0290897  -0.03827432 -0.02121561
-0.00782267  0.0003951  -0.00335875 ... -0.02380743  0.01075076  0.002852
-0.01798537 -0.01922265  0.00151664 ... -0.0281889   0.01401998 -0.01540936
1.4452944e-02 -1.0175377e-02 -2.4592558e-02 ... -3.1227604e-02  7.1077920e-05  9.9513610e-04
-0.00981036 -0.01381276 -0.01875764 ...  0.0008368   0.00129991 -0.0235111
0.00539066 -0.02340327 -0.01387636 ... -0.02696454 -0.01353703 -0.00617186
-0.01028834 -0.02512214  0.00555035 ... -0.02457511  0.02098446 -0.01106744
-0.00199465 -0.02590519 -0.02352286 ... -0.0100986   0.00585425 -0.01120194
-0.00068526 -0.01746472  0.00311169 ... -0.00815936  0.00396626 -0.02638599
0.01861772 -0.00386406 -0.0137477  ... -0.02522691 -0.01587928 -0.0130062
-0.01502313 -0.02360058 -0.01843147 ... -0.01458057  0.01280517 -0.00995586
-0.00074045 -0.00288134  0.0062944  ... -0.02607531 -0.01673912 -0.02397591
-0.01898629  0.00088475 -0.01756817 ... -0.02486409 -0.00982813  0.00289964
0.00064894 -0.00909572 -0.01292958 ... -0.03200131 -0.01365204 -0.01634978
-0.02923314 -0.03552763 -0.00831273 ... -0.00255866 -0.00829087 -0.00166896
0.01201946 -0.01902353 -0.00374453 ... -0.01355401 -0.02043079 -0.01370545
0.0038382  -0.01501107  0.01728939 ... -0.013339    0.00587396 -0.01583195
0.02173819 -0.02017853 -0.01540071 ... -0.02179692 -0.00944462 -0.0185106
-0.00596464  0.0023825  -0.0084762  ... -0.00643186  0.00461593 -0.00463536
0.02871798 -0.01893304 -0.01371134 ... -0.01324458 -0.0004512  -0.02897346
0.02981073 -0.03713106 -0.00084587 ... -0.00684473  0.01144223 -0.02675992
0.00649628 -0.04353755  0.00613906 ... -0.00683832  0.01291705 -0.00279084
0.00753015 -0.02353679  0.02576218 ... -0.0233543  -0.00813267 -0.01841791
9.5444986e-05 -3.0354224e-02 -1.0166493e-02 ... -2.1200716e-02  5.7298518e-03 -2.0286152e-02
0.01142218 -0.03307907 -0.00602649 ... -0.02028161  0.0052027  -0.0250964
0.02676781 -0.03761179  0.01151941 ... -0.01568745 -0.00443135 -0.00761678
0.00619884 -0.01602674 -0.04035664 ... -0.00635031 -0.008738   -0.02400747
0.01365289 -0.03306222 -0.00992615 ...  0.00163698 -0.00164633 -0.01455321
0.03444504 -0.0293432  -0.00128198 ... -0.0017623   0.00674426 -0.01959687
0.01270961  0.00312156 -0.05390641 ... -0.0178854   0.00213998  0.00386663
0.0026816  -0.01751637 -0.00153983 ...  0.00063126  0.00233293 -0.00454018
0.02952695 -0.02235222  0.00637454 ... -0.02558649 -0.01254504  0.00281505
0.02686152 -0.02674381 -0.02271278 ...  0.0056019   0.00355824 -0.01605677
0.03509477 -0.00022819 -0.02207198 ... -0.01647273 -0.01003873 -0.00352425
-0.00141749 -0.02700924 -0.02856112 ... -0.00752905  0.00017652 -0.0148792
0.00575425 -0.01553742 -0.01718032 ...  0.00109311  0.00246659 -0.00352186
0.01814483 -0.00056841  0.01788082 ... -0.01314709  0.00552019 -0.00580527
-0.01177245 -0.03018269 -0.01557402 ...  0.01090851  0.00513091 -0.03704539
-0.01618625 -0.03104931  0.01552792 ... -0.01754391 -0.00125953 -0.00684088
0.01669005 -0.00015934 -0.02061908 ... -0.00155713 -0.01279689 -0.01747409
0.0079405  -0.01917879 -0.00865078 ...  0.00026849  0.01095692 -0.00264658
0.00752535 -0.03309414 -0.00236185 ...  0.01016998 -0.01720167 -0.0164426
-0.00584022 -0.03063065  0.00893932 ... -0.02329214  0.00034428  0.00851091
-0.00269612 -0.01337419  0.00677579 ... -0.00764417 -0.01509265 -0.02666381
0.01366145  0.00937125 -0.01558076 ... -0.00530309 -0.02848889 -0.02211755
0.01406463 -0.00118431 -0.01156164 ... -0.00443091 -0.00453272 -0.04321362
-0.01973655  0.01182459 -0.01979997 ... -0.00714955  0.02323005 -0.01810857
-0.00597215  0.01153575  0.00813347 ... -0.0170202  -0.00050528 -0.00872595
-0.01783662 -0.00949861 -0.02827697 ... -0.00147916  0.01474784  0.00218217
0.03897111 -0.03818325  0.01711101 ... -0.01555491  0.01826852 -0.01443424
-0.00761876 -0.00524245  0.00251952 ... -0.00924615  0.02083508 -0.02076921
-0.00943381  0.01103518  0.00599417 ... -0.01202206  0.01584974  0.00395129
-0.0017365  -0.01076141 -0.0239453  ... -0.0284968   0.00011551 -0.01369966
-0.00969677 -0.01093738  0.00276348 ... -0.00317588 -0.00923623 -0.01804073
0.0181843  -0.01539137 -0.00163937 ... -0.0109735  -0.00910318 -0.01794045
0.00694627 -0.01432045  0.00412409 ... -0.01236479  0.01944802 -0.0343084
0.00254563 -0.0197867  -0.02231462 ... -0.00625284  0.0003623  -0.00473594
0.01573958 -0.04916096  0.01258061 ... -0.02348116 -0.00013243 -0.00297903
-0.00147383 -0.00393622 -0.01818462 ... -0.02105944 -0.01396088 -0.01309513
0.00681139  0.00132786 -0.00597286 ... -0.01177499  0.00210023 -0.02516103
0.02498185 -0.03375098  0.00250016 ... -0.01371536 -0.01699393 -0.02434943
0.01402525 -0.01876966 -0.00952376 ... -0.01194472 -0.00112675 -0.03282763
-0.00023178 -0.03895403 -0.01081433 ...  0.00304119  0.0038982  -0.03341081
0.02354912 -0.00154306 -0.01282968 ... -0.01420659 -0.01711343 -0.01208475
0.02252599 -0.05084005 -0.01281314 ...  0.00047453 -0.03426145 -0.03922197
-0.009715   -0.019359   -0.01933615 ... -0.00752595  0.00828004 -0.02681214
0.00286106 -0.02112054 -0.01756463 ... -0.00079559 -0.02319209 -0.0142244
0.00751924 -0.00627701 -0.01755644 ...  0.00030346 -0.018585    0.00222193
-0.01875255  0.00427934  0.02040529 ... -0.03702545 -0.00457543 -0.01724171
-0.01498004 -0.0448961   0.00489552 ...  0.01249995 -0.00426916 -0.00476448
-0.00056473 -0.03959104  0.01176947 ... -0.03164608  0.01381834  0.0081126
-0.01561993 -0.00714017 -0.00720627 ... -0.02099356 -0.03285532 -0.02041415
0.0114626  -0.01212499  0.00525418 ... -0.01663027  0.00310514 -0.00492488
0.0057862  -0.01046529 -0.011863   ... -0.01672152  0.0011532  -0.0165251
-0.00656728 -0.01539366 -0.0343652  ... -0.01566451  0.00951635 -0.01364499
-0.01421488 -0.01583648 -0.00831877 ... -0.01419276 -0.00662327 -0.00892286
-0.00964041  0.00084541 -0.0189834  ... -0.01508561 -0.00810195 -0.01932385
0.00058373 -0.01054912 -0.02123513 ... -0.00932464  0.0126745  -0.02005115
0.00371113 -0.02749538  0.0026847  ... -0.01924589  0.00989225 -0.0380402
0.01612956 -0.01392021 -0.03018477 ... -0.02107754 -0.01773372 -0.01081244
0.00483944 -0.01030116 -0.01527119 ... -0.01244247  0.01688976 -0.021946
0.00961619 -0.01985191  0.0014156  ... -0.01391675 -0.00045303 -0.01896005
0.0222932   0.00253808 -0.00346071 ... -0.03647017 -0.00760882 -0.00827475
0.01551068 -0.00452635  0.00760283 ... -0.01800304 -0.00121272 -0.01766901
0.01281345 -0.00047311 -0.02213531 ... -0.01340671  0.00397646 -0.02489053
0.00328755 -0.02810006 -0.02924313 ... -0.02546329  0.00933503 -0.0428543
-0.00392642 -0.02705039 -0.01724273 ... -0.02463878 -0.01862731 -0.0317889
-0.0039711  -0.0374692  -0.02034524 ... -0.02062501  0.00759401 -0.00818815
0.00879493  0.00188144 -0.01803542 ... -0.02658149 -0.01462488 -0.01220449
-0.01495986 -0.02456696 -0.02405658 ... -0.01826016 -0.01446843 -0.02002942
0.01350198 -0.02569328 -0.01410477 ... -0.02931874  0.01758573 -0.03246998
0.00043856 -0.02024093 -0.0134127  ... -0.02060655  0.00498614 -0.01190172
0.00112194 -0.02344749 -0.01848222 ... -0.02636329  0.03604737 -0.01435071
0.02015928 -0.01797107 -0.00599061 ... -0.00744187  0.00020089 -0.02427526
-0.01278425 -0.04248834 -0.02050801 ... -0.00269439 -0.01359883 -0.00491754
-0.01824483 -0.03062944 -0.03851812 ... -0.02440368 -0.00129692  0.00765132
-0.00042211 -0.03538068 -0.01215144 ... -0.00894042 -0.01565093 -0.03751522
-0.0037604  -0.00188506 -0.03927323 ... -0.00740876  0.00525733 -0.0368106
0.00040986 -0.0222035  -0.00194121 ... -0.05045895  0.00271607 -0.0134312
0.00445686 -0.02563989 -0.0011474  ... -0.00718034  0.00088423 -0.01631905
0.00991858 -0.0179008  -0.01794858 ... -0.01260669  0.01249455 -0.02486096
-0.01018149 -0.03971117 -0.01152125 ... -0.02924339 -0.00427606 -0.04877247
-0.00593517 -0.02660047 -0.02863921 ... -0.01066419 -0.02733009 -0.02856745
0.00518926 -0.01589713 -0.01553803 ... -0.03456097  0.01015022 -0.0177613
-0.00707519 -0.02331605 -0.0163259  ... -0.0416722  -0.0008647  -0.0015494
-0.00138838 -0.02489391 -0.00737071 ... -0.02401665 -0.00130699 -0.00321171
0.01355463 -0.04135883  0.00808049 ... -0.01586238 -0.0016462  -0.03727514
-0.00092653 -0.02785125 -0.0017945  ... -0.01644053 -0.00045301 -0.02209328
-0.00040457 -0.02558895 -0.00841137 ... -0.03169187 -0.03141807 -0.01720322
0.01428407 -0.01900882 -0.01246216 ...  0.00082199 -0.01140277 -0.00140868
0.00868048 -0.00435286 -0.00083862 ... -0.02379998 -0.01583398 -0.00317565
0.00225934 -0.0341634   0.00432524 ... -0.02127907  0.0045438  -0.00994437
-0.00687629 -0.03267681 -0.00807737 ... -0.01857175 -0.02572788 -0.01160127
-0.00705612 -0.01546708 -0.01255062 ... -0.04331264 -0.01848665 -0.02470284
-0.00292128 -0.02477888 -0.0275559  ... -0.02343754 -0.0052534  -0.02203375
0.01268499 -0.01335905 -0.00602928 ... -0.01079674 -0.00495839 -0.00649935
0.01282111 -0.01285408 -0.02019184 ... -0.01545148  0.0246004  -0.0205535
-0.00520888 -0.02842079  0.00193447 ... -0.02612117  0.01628543 -0.01656611
0.00087225 -0.02259944 -0.02610801 ... -0.02882785 -0.00210898 -0.02505474
-0.02696064 -0.01398149 -0.00458143 ...  0.00836343 -0.01758708 -0.02797272
0.0164577  -0.02698647  0.00293843 ... -0.01408914 -0.00250636 -0.00624151
0.02143743  0.00033041  0.00854222 ... -0.01700836 -0.00650516 -0.00748697
-0.0005738  -0.02808411 -0.01025948 ... -0.0054389   0.01515057 -0.00630469
-0.01291663  0.00109955  0.00957438 ... -0.03066119  0.01357347 -0.02436972
0.0086471  -0.03361163 -0.03716234 ... -0.0046601   0.00966455 -0.00703907
-0.00194598 -0.01900351  0.00744332 ... -0.03579525 -0.00167818 -0.01091645
0.01033483 -0.03002012 -0.00111774 ... -0.02285266  0.01357413 -0.02136753
0.00607603 -0.00217928 -0.00331871 ... -0.01881967 -0.01000876  0.00606194
0.00532533 -0.01892507 -0.01819988 ... -0.02337701  0.01728048 -0.00553199
-0.00083672 -0.01313435 -0.01463347 ... -0.01158404  0.00759497 -0.0195556
-0.00782409 -0.02087422 -0.01590012 ... -0.02136857  0.00459043 -0.02204564
0.00359952 -0.00495811  0.00103875 ... -0.02712114  0.01330756 -0.01316042
-0.00516234 -0.01083593 -0.03689987 ... -0.02538103 -0.00040831 -0.02583027
0.00191623 -0.00829102 -0.00921438 ... -0.01203171 -0.00670263 -0.03963994
0.00969451 -0.02243542 -0.01304428 ... -0.04523883  0.00694944 -0.00104482
0.01315702 -0.01893897 -0.00485786 ... -0.02345158 -0.00596226 -0.02504968
-0.00027729 -0.02747264 -0.01970243 ... -0.01567434  0.00831925 -0.01402926
-0.00011865  0.00108806  0.00065061 ... -0.02467059 -0.00366341 -0.01665205
0.02413424 -0.00219722  0.00185621 ... -0.02381991 -0.0020199  -0.00398605
0.00348199 -0.01883055 -0.0021326  ... -0.04091666 -0.01064334 -0.039697
-0.00080347 -0.02070864  0.03038505 ... -0.01826717 -0.01884083 -0.0239623
-0.00715766 -0.04525471 -0.00211217 ... -0.00530878 -0.0017233  -0.00742014
-0.01696587 -0.02141342  0.00972466 ... -0.0199779   0.01208249 -0.01727381
0.00379408 -0.03183954 -0.00173603 ... -0.04102825  0.02057514 -0.02167953
0.01379916 -0.02705138 -0.01550576 ... -0.03205839  0.00717225 -0.02290851
0.01290178 -0.02916867 -0.02507012 ...  0.01276269 -0.00715474 -0.02933391
0.01692758 -0.02479401 -0.00518506 ... -0.01537618  0.01781566 -0.01332052
-0.00163881 -0.02223403  0.00550422 ... -0.0228318  -0.01295439 -0.00826547
0.00026064 -0.02526927  0.00370114 ... -0.02066847 -0.0213357  -0.00475898
-0.01412958 -0.02936608 -0.00614918 ... -0.01772951 -0.00582625  0.00226619
0.03130431 -0.01826623  0.01842383 ... -0.02250822  0.0134273  -0.03052045
0.00593374 -0.01981326 -0.01622392 ... -0.03196647 -0.01489905 -0.01029
0.01817196 -0.01867028 -0.00097208 ...  0.00169334 -0.024129   -0.02594086
-0.00775547 -0.0247052  -0.02139068 ... -0.02916572  0.02915205 -0.00958751
0.01137362 -0.0329225   0.00405272 ... -0.01388317 -0.01535376 -0.02250739
0.01091531 -0.00764887 -0.01546547 ... -0.0158144  -0.02499869 -0.02078936
0.00701858 -0.03110096 -0.03556447 ... -0.0273698  -0.01701716 -0.02283489
-0.02981186 -0.01454559 -0.03220876 ... -0.02085455  0.00813511  0.00508417
0.00249062  0.00076235 -0.00151535 ... -0.01561454 -0.0021541  -0.02154733
-0.02944097 -0.01759771 -0.01373305 ... -0.00496482  0.0080736  -0.01042673
0.02074857 -0.02875093 -0.02656111 ... -0.023777   -0.02600916 -0.00652572
-0.0100447  -0.02813401 -0.01873841 ... -0.04401298 -0.01714564  0.01109943
-0.01120769 -0.02414941 -0.02181774 ... -0.02217253 -0.00220518  0.00422515
-0.00063039 -0.00334467 -0.02485768 ... -0.03400282 -0.01937918  0.01427415
0.00158587 -0.01753618 -0.00278159 ... -0.01351362 -0.0121209   0.00084828
-0.01488611 -0.00542165 -0.02649353 ... -0.00940841  0.00108793 -0.01667732
-0.00435676 -0.00527222 -0.01803952 ... -0.01506856 -0.00834737  0.0120467
0.0072068  -0.02187462 -0.01011218 ... -0.00648463 -0.02172103  0.0010671
-0.0118972  -0.02450514  0.00123638 ... -0.02109128 -0.03227438 -0.02578049
-0.0087567   0.00751539 -0.01753337 ... -0.04281731 -0.00659247 -0.01847991
-0.01229592 -0.02293688 -0.00194212 ... -0.02379028 -0.01370639 -0.01937963
-0.00958869 -0.0004706  -0.01130768 ... -0.01227987  0.00585461 -0.01512713
-0.01124474 -0.03885184 -0.01058227 ... -0.02754203 -0.0194271  -0.02395665
0.00850022 -0.00977872  0.0008689  ... -0.0037814  -0.00106937  0.00948294
-0.01830777 -0.01651944  0.0018383  ... -0.0153011  -0.02516291 -0.01021686
0.03361311 -0.01962467 -0.02602491 ... -0.03551611  0.01290568 -0.0092391
0.01101499 -0.00507555 -0.00032856 ... -0.02313771 -0.00984384 -0.01649641
0.02289555 -0.01692925 -0.00510528 ... -0.02952193  0.00107597 -0.03621414
0.02943081 -0.0297713  -0.01599346 ... -0.03487688 -0.00699493 -0.01663006
-0.02011843 -0.02063138 -0.00903346 ... -0.02297797  0.00331957 -0.02698586
0.04174091 -0.02358237  0.00368484 ... -0.01257891  0.00243155 -0.00511364
-0.00352042 -0.01904905 -0.00693442 ... -0.03170843 -0.01088015 -0.00486373
-0.002903   -0.02320205 -0.00738019 ... -0.01310858 -0.02205394  0.00476483
0.03269132 -0.01379257  0.01227648 ... -0.03947553  0.01018384 -0.03889953
0.02778493 -0.02474114 -0.00122122 ... -0.00052079 -0.01616145 -0.00344837
0.00603737 -0.02318442  0.00770106 ... -0.0136199  -0.01064238 -0.010654
0.0126889  -0.0183718  -0.00201487 ... -0.01608856 -0.01031502 -0.01804543
0.01900765 -0.02725678 -0.01227211 ... -0.00597791 -0.03300508 -0.02199111
-0.00455621 -0.01000856 -0.00833709 ... -0.00886459  0.00195053 -0.01965971
-0.01423753 -0.02705527 -0.01742562 ...  0.0059005  -0.02073913 -0.02771787
0.01385053 -0.03479008  0.00730168 ...  0.00767162 -0.01890379 -0.02214885
0.0155266  -0.00848046 -0.0197752  ... -0.02397024 -0.00564445 -0.00402452
0.02612243 -0.01468397  0.01575978 ... -0.02233207  0.00880593 -0.01484497
0.03065244 -0.02435951 -0.0112086  ...  0.00086005 -0.02561792 -0.00577576
-0.00475784 -0.03122238 -0.00515238 ... -0.00746328  0.0171824   0.00907013
0.02415704 -0.03753208  0.00708795 ... -0.04116372  0.00889482 -0.03054561
0.00201159 -0.01950208  0.01374131 ... -0.01975784  0.00396581 -0.02469986
0.02388209 -0.02605242  0.00231461 ... -0.0008979  -0.00285121 -0.02300169
0.02543111 -0.02644657 -0.01106112 ... -0.02127304 -0.00250965 -0.03858062
0.03385933 -0.03184753  0.01213509 ...  0.00838871  0.00639442 -0.0047158
0.00114512 -0.03261876  0.00820444 ... -0.01029788  0.012447   -0.02296093
0.01505082 -0.04741607  0.02055229 ...  0.00110338 -0.02157771 -0.02009437
0.05417667 -0.0278138   0.00469228 ... -0.01458333 -0.01673779 -0.0478541
0.01699268 -0.02909679  0.00330106 ...  0.00392406  0.01108663 -0.02597597
-0.01949375 -0.01181813 -0.00611495 ... -0.03943493 -0.01279954 -0.00646378
0.0388371  -0.03491402 -0.00483936 ... -0.001778   -0.01068781 -0.01919972
-0.00173309 -0.02159275  0.00663985 ... -0.02428037  0.00153819 -0.02632876
0.01719713 -0.01687024 -0.02205552 ... -0.02484953  0.01021199 -0.0315834
0.01206274 -0.02347052 -0.01731407 ... -0.04397747  0.01001682 -0.02178892
0.02296336 -0.01096373  0.00099948 ... -0.04347196  0.01350905 -0.03099452
0.00945166 -0.03913145  0.0012927  ... -0.02635732  0.00934383 -0.04537575
-0.02845266 -0.02652867 -0.03329192 ... -0.01671576 -0.00374215 -0.02007645
-0.02098496 -0.01915843 -0.0278023  ... -0.02478156 -0.00173623 -0.01768603
-0.02241956 -0.02122319  0.00377392 ... -0.02828427  0.01403352 -0.02002363
0.01645748 -0.03453326  0.0165586  ... -0.01973769  0.00652171 -0.04318577
0.01250716 -0.01076591  0.00703114 ... -0.03055822 -0.00143033 -0.04505137
0.011236   -0.01198684 -0.00834026 ... -0.02287301 -0.0280093  -0.0193148
0.01713521 -0.03036135  0.01903769 ... -0.01673707  0.00279058 -0.03483836
-0.00610379 -0.01118417 -0.00897694 ... -0.02330714  0.00163308 -0.02208595
-0.0016212   0.01012145  0.00691469 ... -0.00958203  0.01654173 -0.02286777
-0.02126687 -0.01692684  0.00266927 ... -0.0242504  -0.01310504 -0.03010055
0.01210615 -0.01582964 -0.00347083 ... -0.02370706  0.02581194 -0.0211613
-0.00512717  0.00163352 -0.01116102 ... -0.01637527  0.01951857 -0.03344194
0.00230433 -0.03096267  0.00412946 ...  0.00362042 -0.01784133 -0.02920115
0.01888401 -0.02830488  0.00545812 ... -0.01930082 -0.01716232 -0.03260445
0.00849123 -0.04393558 -0.00700522 ...  0.00684297 -0.02082354 -0.05493557
0.00649019 -0.01033733 -0.00280413 ... -0.01196398 -0.00562975 -0.02479609
-0.01497166  0.00685431 -0.00444421 ... -0.01187254 -0.02237844 -0.01505494
-0.00679622 -0.02134187 -0.00648146 ... -0.01359773  0.00320834 -0.03004751
0.00301983 -0.02189155  0.00074301 ... -0.01115867 -0.01262428 -0.01664687
-0.01015611 -0.02047217 -0.00942411 ... -0.01876945 -0.00384289 -0.04274919
0.0116767   0.00584658 -0.0354763  ... -0.03715715  0.00381688 -0.00443661
0.00562792 -0.00019549 -0.00801426 ... -0.01897779  0.01613075  0.00019104
0.01176394 -0.00949128 -0.02540243 ... -0.00617162  0.00813903 -0.00233802
-0.00715983 -0.031176   -0.02734836 ... -0.0094417  -0.00741864 -0.01831603
0.01286718 -0.01552658  0.00359508 ... -0.03357739  0.00526236 -0.02472106
0.01687296  0.00726431  0.00278489 ... -0.00953988 -0.01342908 -0.02871153
-0.00290066 -0.00985533 -0.01872444 ... -0.00137105 -0.02311806 -0.04141812
-0.02277235  0.00100603  0.02339289 ... -0.0276664  -0.01749755 -0.00461759
-0.03899162 -0.00129317  0.00131142 ... -0.01469015 -0.01954243 -0.01759153
-0.00410763 -0.03189076 -0.01928825 ... -0.01751434  0.01607014 -0.01297153
-0.00129037 -0.04210531  0.00372714 ... -0.00529499 -0.0064314  -0.03745612
0.00026604 -0.03919851  0.01909652 ...  0.01489654 -0.00734237 -0.01357223
-0.00284661 -0.02793081 -0.00461571 ... -0.03103429 -0.00079381 -0.02141479
0.01378543 -0.02818893 -0.02472574 ... -0.01382127  0.00419551 -0.01075291
-0.00628419 -0.02853933 -0.01170016 ... -0.02984395  0.03039421 -0.01590937
0.00521565 -0.01819203 -0.00153239 ... -0.00570734 -0.00694891 -0.0479228
-0.0155577  -0.00955632  0.01123986 ... -0.04705343  0.01680952 -0.03178364
0.00437362 -0.00568061 -0.01182284 ... -0.01604491 -0.01408407 -0.02396389
0.01040286 -0.0351974  -0.01559125 ... -0.01068857  0.00273789 -0.02366926
-0.00035444  0.00061534 -0.00754139 ...  0.00170401  0.0179843  -0.0274159
0.01439641 -0.02480742 -0.03466137 ... -0.02873221  0.03137248 -0.01628613
-0.02375865 -0.02098599 -0.01366064 ... -0.00508705  0.01634531  0.0055115
3.6707257e-05 -3.4953799e-02  3.6171682e-03 ... -3.8834553e-02  1.5742872e-02 -1.5764650e-02
0.01473677 -0.01967833 -0.01054512 ... -0.03136945  0.00742049 -0.028899
-0.00183056 -0.00973906 -0.01680719 ... -0.03059915  0.00750683 -0.03039329
0.00477423 -0.03141256 -0.01601228 ... -0.00691007 -0.01333885 -0.02655611
-0.02453155 -0.0079568  -0.02783997 ... -0.01095369  0.01603433 -0.04214605
0.00382517 -0.02682532 -0.02553254 ... -0.01218873  0.00205834 -0.03354206
-0.00756028 -0.00048954  0.02159584 ... -0.00651872 -0.00107772 -0.03069152
-5.7411361e-03 -1.2065260e-03  1.5361666e-03 ... -8.4034083e-03 -6.2542749e-05 -2.1650719e-02
0.01041429 -0.02946278  0.00199102 ... -0.0157528   0.00828869 -0.02752451
0.0096593  -0.03476681  0.00786504 ... -0.01805361  0.00129636 -0.00476812
-0.00013427 -0.01106653 -0.00489991 ... -0.02013729 -0.01975692 -0.01484537
0.01140244 -0.02132713 -0.03597949 ... -0.03455256  0.003668   -0.00566216
0.01539584 -0.02818693 -0.01438134 ... -0.0088805   0.00899517 -0.00313921
-0.00825764 -0.00766576 -0.03661386 ... -0.01939691  0.02375619  0.00183171
-0.00187942 -0.02002298 -0.01091621 ... -0.02979735 -0.01359363  0.00651746
-0.00250719 -0.03238976  0.01126749 ... -0.02846929 -0.0010174  -0.01575374
0.00185014 -0.01476562 -0.01493627 ... -0.02780677  0.00092431 -0.0009762
-0.00221733 -0.00400831 -0.02418495 ... -0.0198096   0.01758858 -0.01180543
-0.00419376 -0.05892514 -0.01442276 ... -0.0127935   0.01435315 -0.01637298
-0.01451438 -0.00670355 -0.0015931  ... -0.01373122 -0.01109564  0.00289697
-0.00668823 -0.03556143 -0.00851089 ... -0.03054047 -0.00526002 -0.01820216
0.00708706 -0.01626094  0.0100314  ... -0.02476401 -0.03022587 -0.01593292
0.00517996 -0.00823738 -0.00713172 ... -0.01988619  0.00220742  0.00281403
0.01131184 -0.03157111  0.01247574 ... -0.01660282  0.01601117 -0.0229114
0.01304082 -0.00629704 -0.02003753 ... -0.0290771  -0.01329395 -0.01043377
-0.00209822 -0.03212809 -0.02689415 ... -0.02609379  0.02662509 -0.00584773
0.00847547  0.00958014 -0.00610554 ... -0.02060697  0.0062834  -0.00741815
-0.00461894 -0.01337463 -0.01506371 ... -0.02120282  0.01677025 -0.00439998
0.00280997 -0.02174894 -0.0237037  ... -0.02697206 -0.00208029 -0.00941465
-0.00948036 -0.0182353  -0.03463757 ... -0.0327665   0.01117631 -0.02353822
-0.01145861 -0.00875895 -0.03031571 ... -0.04326161 -0.00732396 -0.02610447
0.000416   -0.02879183 -0.0002508  ... -0.01420613  0.01072958 -0.01427693
0.02335082 -0.02935135 -0.01818308 ... -0.01481622  0.01073545 -0.0132891
0.01655641 -0.00975489 -0.00282125 ... -0.01373866  0.01189458 -0.02389566
-0.01450264 -0.01985555 -0.00029513 ...  0.00191039 -0.00265951 -0.01659623
-0.00288742 -0.00694244 -0.0103765  ... -0.01275661  0.01510985 -0.01232994
0.01654673 -0.02423554 -0.03489271 ... -0.01585623  0.00399214 -0.02582211
0.01610633 -0.01297701 -0.02974367 ... -0.04240339  0.00136903 -0.00726494
0.03169838 -0.00644344 -0.0410644  ... -0.02865418 -0.0004008  -0.01597743
-0.00106573 -0.02766043 -0.04006495 ... -0.02074216  0.02509512 -0.02161488
-0.00962727 -0.0218226  -0.01614767 ... -0.04023528  0.01754792  0.01274634
-0.00221684 -0.00335074 -0.01192495 ... -0.01555368 -0.0052369  -0.03252247
0.02091123 -0.02882688  0.00429016 ... -0.0224117  -0.00047207 -0.01954265
0.02698375 -0.01230126 -0.00365991 ... -0.02578584  0.01904582 -0.03737913
-0.01489393 -0.01438149 -0.01426234 ... -0.02525369 -0.00287795 -0.01574877
0.0208395  -0.00315386 -0.01165047 ... -0.02848013 -0.0014997  -0.00948811
0.00790303 -0.0428044  -0.00743807 ... -0.02831068  0.01169312 -0.01198502
0.00511055  0.00697304 -0.00974798 ... -0.01872013 -0.00840337 -0.03184002
-0.0044466  -0.04039842  0.00066721 ... -0.02034627  0.01478317 -0.02009599
-2.5190867e-03 -2.9290995e-02  2.2576577e-03 ... -8.7066749e-03 -7.9916565e-05  4.5360709e-03
0.01722468 -0.02140567 -0.02952066 ... -0.02923634 -0.001219   -0.00684976
-0.01080804 -0.02584344 -0.00476249 ... -0.04211617 -0.00845612 -0.01361584
0.0123554  -0.02223028 -0.00796496 ... -0.02698315 -0.01305705 -0.0398015
0.01814921 -0.01888957  0.0100588  ... -0.02246296  0.0173029  -0.01267333
0.00902482 -0.0333638   0.00171603 ... -0.036759    0.01422496 -0.01783643
0.00063781 -0.03342732 -0.01468237 ... -0.02099339  0.00568375 -0.03018242
-0.00429914 -0.00373409 -0.02271657 ... -0.02381064  0.00787461 -0.01306719
6.1057601e-03 -3.6967635e-02 -2.4793567e-02 ...  2.6254454e-05  2.6830537e-03 -2.5727125e-02
-0.006568   -0.00128983 -0.00489144 ... -0.00587106  0.00099005  0.00608231
-0.00627986  0.01681709  0.01450737 ... -0.01801694 -0.02143346 -0.03059138
0.00732806 -0.00224277  0.02322954 ... -0.04136017  0.0306116  -0.03119968
0.01788351 -0.03726651 -0.00411358 ... -0.02283775 -0.02001826 -0.00458493
-0.00079302  0.00997328  0.01039794 ... -0.00925072  0.00648882 -0.02448487
-0.00427867 -0.03869501 -0.01293702 ... -0.00728247 -0.02282788 -0.03230872
0.0103297  -0.00581475 -0.01115738 ...  0.0014044  -0.02511242 -0.01130309
0.00312397 -0.00709152 -0.01990302 ... -0.02098411  0.01269869 -0.01289255
-0.01037395 -0.0235073  -0.01395456 ... -0.01851188  0.00767554 -0.01351436
0.00618406 -0.02310891  0.00726029 ... -0.02306073  0.01524858 -0.01394928
-0.00234123 -0.02296474 -0.00189292 ...  0.01016115  0.00872323 -0.03690686
-0.0122669  -0.00434508 -0.02523825 ... -0.01289124 -0.01411019 -0.03465255
0.00468653 -0.01880883 -0.00259536 ... -0.01582469 -0.02656549 -0.04509354
0.00310046 -0.02557242 -0.00233297 ... -0.03377444 -0.01786259 -0.01665054
0.01765004 -0.00695057  0.00503296 ... -0.00738413  0.00962548 -0.02667931
0.02049618 -0.00683269  0.00106243 ... -0.03122517  0.0028837  -0.01265824
-0.00451739  0.0250059  -0.0255614  ...  0.00925474 -0.02957878 -0.02596025
0.00722593 -0.01592096 -0.01564778 ... -0.03420947 -0.0065175  -0.03813347
0.01678237 -0.00628521 -0.0210446  ... -0.00935803 -0.00442111 -0.00781603
-7.4696813e-06 -3.2627575e-02  2.5620400e-03 ... -2.1797162e-02 -2.1116044e-03  6.2999432e-03
-0.01064664 -0.01061571 -0.01533814 ... -0.0153893  -0.01393242  0.00995313
-0.02386849  0.01211699 -0.01819937 ...  0.01122912 -0.02921167 -0.00984854
-0.0119784  -0.01506765 -0.03389018 ...  0.00938226 -0.02335355 -0.02401437
0.00400341 -0.00496388  0.02227626 ... -0.02669177  0.00682907 -0.03957926
0.02823403  0.00981492  0.00474537 ... -0.03449502 -0.00913372 -0.0032478
-0.00325056 -0.01158116 -0.0041255  ... -0.0147336  -0.00471703 -0.02231956
0.03123615 -0.00869232 -0.00061556 ... -0.01980446  0.00527348 -0.00916668
0.00229691 -0.02957023 -0.016196   ... -0.02538883 -0.01329081 -0.01667355
-0.01486021 -0.00206624 -0.00968117 ... -0.01848185  0.00984735 -0.01889748
-0.01750602 -0.01830779 -0.01343776 ... -0.01200203  0.00596915 -0.0131329
-0.01275434 -0.01733411 -0.03609067 ... -0.01173668  0.01748827 -0.03110127
0.00936634 -0.01339817 -0.0165977  ... -0.02299831  0.00993493 -0.03000771
0.00508725 -0.03292115 -0.00601972 ... -0.00214486  0.00083095 -0.02012434
0.00549478 -0.02961115  0.00101027 ... -0.00559611  0.002197   -0.02931194
0.0207101  -0.03046781 -0.0123284  ... -0.0238143  -0.01983337 -0.01923574
0.00885837  0.00090267 -0.00249716 ... -0.01474027  0.00787305 -0.03333306
0.00460515 -0.00028436 -0.00279883 ...  0.00634784  0.00670295 -0.03419332
0.02357195 -0.00910924  0.00735398 ... -0.03919326  0.0117412  -0.01958797
0.01173566 -0.03060408  0.01066553 ... -0.00501787  0.00811123 -0.03850328
0.0140058  -0.02512945 -0.02032183 ... -0.00835971  0.0025389  -0.01591346
0.00834128 -0.03561052 -0.01011172 ... -0.01143883 -0.00561319 -0.01416828
0.01799229  0.01665233  0.00224618 ... -0.018534    0.01839017 -0.00849141
0.02006868 -0.00655858  0.00683728 ... -0.03090505 -0.00457474 -0.02438957
0.00869846 -0.02545924 -0.00501479 ... -0.01066076 -0.0021494  -0.0209554
0.02262041 -0.00168641 -0.02103973 ... -0.0365943   0.0035103  -0.00733346
-3.6421469e-03 -1.5598328e-02  1.8997401e-02 ... -3.7083749e-02 -8.2850915e-05 -2.4814703e-02
0.01175356 -0.00531128 -0.01966168 ... -0.01709981 -0.016135   -0.01255432
0.01628791 -0.03876712 -0.00789531 ... -0.01923258  0.01380032 -0.03251284
0.01971327 -0.00562758 -0.00527031 ... -0.00672328  0.00395728 -0.04006818
0.00187696 -0.03056365 -0.00477029 ... -0.01744304  0.00212391 -0.01592491
-0.00072397 -0.02296574  0.01371587 ... -0.00305865 -0.01706851 -0.01978108
-0.00484087 -0.02497318 -0.01533248 ... -0.00499503 -0.00914608  0.00116381
-0.01284841 -0.01662686 -0.0100371  ... -0.02298511  0.00312834 -0.02548884
0.02994804  0.00927485 -0.00600421 ... -0.03891473  0.0095026  -0.02662559
-0.02134249 -0.04632311 -0.0215211  ... -0.03813871  0.01162637 -0.01082976
0.0067087  -0.0210618   0.00459164 ... -0.04721135  0.00908076 -0.02028771
-0.00883145 -0.02399574  0.00890879 ... -0.02616244  0.01533072 -0.02659255
0.01929093 -0.01864722 -0.00920067 ... -0.04537679 -0.00474516 -0.02176218
0.00221768 -0.0361243  -0.02189181 ... -0.03151404  0.02558777 -0.02702519
-0.0165198  -0.02249322 -0.0286897  ...  0.00260175 -0.01655297 -0.02373051
0.02008944 -0.03768669 -0.0102011  ... -0.03133043 -0.00190399 -0.00543366
-0.0006099   0.01408012  0.01090666 ... -0.03015817  0.01618999 -0.04972536
0.0037145  -0.00761058 -0.00268449 ... -0.02601784  0.00899996 -0.02728703
0.01501947 -0.00544881  0.00196761 ... -0.00177104 -0.0314034  -0.03646187
0.02118292 -0.01473301 -0.01437443 ... -0.02079021 -0.01386668 -0.01745803
0.01033025 -0.00790389 -0.00591683 ... -0.00939658  0.0135663  -0.03479961
0.02063793 -0.00457983  0.02132286 ... -0.04765313 -0.02771671 -0.03777776
0.01471875 -0.01575655  0.00930743 ... -0.04580659 -0.01591249 -0.02156834
0.0039246  -0.02877594 -0.01527362 ... -0.01698368  0.0046019  -0.01715227
0.03036623 -0.02455831 -0.00118877 ... -0.03678402 -0.01126454 -0.03489387
0.0186056  -0.02214269 -0.01548897 ... -0.02644488 -0.01656465 -0.00937391
0.00588957 -0.03415535  0.00791744 ... -0.00802908 -0.02761809 -0.02739485
-0.00076889 -0.01355768  0.00336869 ... -0.02987838  0.01691901 -0.0057404
0.00634508 -0.02242251 -0.00338939 ... -0.04366225 -0.00070426 -0.02790979
0.00395658 -0.04915399  0.00764411 ... -0.01115829  0.00061569 -0.02941492
0.02929942 -0.01553977 -0.00391295 ... -0.00172503  0.00672017 -0.02505717
0.00986823 -0.02673756 -0.00344049 ... -0.02289457 -0.01410352 -0.0286304
0.00074327 -0.02505387 -0.0210491  ... -0.03693779 -0.02293144 -0.00591828
0.01708212 -0.01472845 -0.03258624 ... -0.00648197 -0.00041284 -0.03253872
0.00149942 -0.0043645  -0.01032173 ... -0.00013147 -0.0087618  -0.00483774
-0.00152012 -0.02475132 -0.00430517 ... -0.03507689 -0.00857441 -0.02167151
0.0133838  -0.02048003  0.00352598 ... -0.02577092  0.00555709 -0.01543634
0.01361933 -0.02945214 -0.01406264 ... -0.02023229  0.01413474 -0.01631521
0.02541905 -0.01623694 -0.00465481 ... -0.02411758 -0.0053821  -0.01817638
0.01607347 -0.02176002  0.00855807 ... -0.02529294  0.00745241 -0.02658033
0.03529709 -0.00233749 -0.03388316 ... -0.01876611 -0.02602584 -0.00325708
0.00680504  0.00062413 -0.00187094 ... -0.01685897 -0.02531045 -0.025747
0.00251222 -0.03380153  0.01147414 ... -0.03533085  0.00074899 -0.02136192
-0.00179234 -0.01207909 -0.00794764 ... -0.04950544 -0.01649486 -0.01659583
-0.02641269 -0.0098048  -0.01296687 ... -0.04643739 -0.01102197 -0.00638703
-0.00306821 -0.01555726 -0.01575459 ... -0.01176738 -0.01005845 -0.01933919
-0.00790313 -0.02316921 -0.01734032 ... -0.04409912 -0.00717041  0.0040672
-0.00993366 -0.03708887  0.02489197 ... -0.0169834   0.00901134 -0.0280793
-0.00309835 -0.02716485 -0.02386276 ... -0.02693104  0.01890612 -0.03972242
-0.00219451 -0.05672622 -0.01707173 ... -0.01731088  0.00903029 -0.02002027
0.00116622 -0.03085311 -0.00468434 ... -0.03988319  0.01826063 -0.00886404
-0.00115581 -0.00044051 -0.01248074 ... -0.0164299  -0.02318182 -0.03290725
-0.00712914  0.00559256 -0.01316875 ... -0.02670679 -0.0191527  -0.00381887
0.00303517 -0.03432    -0.00383051 ... -0.01388158  0.01456397 -0.02292855
0.01471596 -0.01018868 -0.04259671 ... -0.02034635  0.00266413 -0.02029697
2.1641953e-02 -6.8006870e-05 -3.1794817e-03 ... -2.7980229e-02  6.9945385e-03 -1.1428657e-02
-0.00600981 -0.0192363  -0.01916005 ... -0.01838559  0.01403517 -0.01119396
0.00050174 -0.03498    -0.00544741 ...  0.01796287 -0.01200046 -0.0213697
-0.02101408 -0.01360347 -0.01589896 ... -0.03962011  0.01085345  0.00319188
-0.00748514 -0.00814403  0.00099058 ... -0.01977839  0.00876837 -0.02852486
-0.01508043 -0.03762256 -0.02104223 ... -0.05265    -0.01357971 -0.01259327
0.00690658 -0.02142037  0.00051037 ... -0.02790911  0.01757164  0.00189118
-0.00058242 -0.02826531 -0.04635476 ... -0.03582913 -0.00466192 -0.00705631
0.00304445 -0.02052679 -0.00679749 ... -0.0235649   0.00523792 -0.01497506
0.01988862 -0.01177132 -0.01104373 ... -0.03280101  0.00812215 -0.01186552
0.01424251 -0.03094558 -0.0200282  ... -0.05783624  0.00093629 -0.01917
-0.01758618 -0.02276098 -0.00868293 ... -0.00786819  0.01201945 -0.01033513
-0.02368165 -0.01595572 -0.00150377 ... -0.04446912 -0.01424669 -0.00978008
-0.02504105 -0.0171393  -0.01680759 ... -0.03081529  0.0118641  -0.01811615
-0.00477578 -0.01655091 -0.00720045 ... -0.01503683  0.01613218 -0.02193702
-0.01490757 -0.02634585 -0.0138966  ... -0.01963947  0.00652869 -0.01383602
-0.0288963  -0.02837314 -0.025946   ... -0.02905028  0.01883706  0.00285629
-0.01984085 -0.0204207  -0.02674754 ... -0.00942887 -0.01347611 -0.01721379
0.00151124 -0.03964528 -0.02495549 ... -0.01772106  0.00774702 -0.01435437
0.00128026  0.00616254 -0.00301874 ... -0.01576643 -0.0323543  -0.03513771
-0.0191137  -0.02172226 -0.02790039 ... -0.01515852  0.03135945  0.00066406
-0.00121002 -0.02328139  0.00146973 ...  0.00231626 -0.01317806 -0.01951827
0.01017616 -0.00528993 -0.01476407 ... -0.03841878 -0.00487853 -0.00146632
-0.01375936 -0.03863851 -0.01242566 ... -0.02396821  0.02508105 -0.01199132
-0.00406794 -0.028952   -0.01609808 ... -0.01690603 -0.03642656  0.00125903
-0.02268773 -0.01441213 -0.00394756 ... -0.01727914 -0.00916083 -0.00631766
-0.02084429 -0.03321267 -0.01427968 ... -0.05100549 -0.00684552 -0.00197418
-0.00204645 -0.01832843 -0.01186731 ... -0.02829288 -0.00062235 -0.01319872
-0.01733274 -0.01906123 -0.00684517 ... -0.01850942 -0.00240427 -0.01381493
-0.01204139 -0.01685357 -0.01622041 ... -0.0352607   0.01157571 -0.01747829
-0.01665655 -0.00402375 -0.01418743 ... -0.01997514  0.00315929 -0.01294591
-0.01475771 -0.01951165 -0.02449689 ... -0.03252435  0.0018528  -0.01581462
0.00844163 -0.02491551 -0.00847505 ... -0.02194217 -0.01672287 -0.03400688
0.00125157 -0.02940826  0.00920035 ... -0.02893596 -0.00129381 -0.03634268
-0.00698391 -0.04290263 -0.02628595 ... -0.02564839  0.00074393  0.00193379
-0.01254234 -0.02982767 -0.01614219 ... -0.01721652  0.0184842  -0.02398756
0.00385406 -0.0385414  -0.01044053 ... -0.01087738  0.01191714 -0.01116946
5.4490818e-03 -1.5026640e-02 -8.7488238e-03 ... -1.4749766e-02 -9.1372858e-05 -1.0531962e-02
-0.03583162  0.00283926 -0.01203299 ... -0.00250857 -0.00221649 -0.03309852
-0.00414968 -0.01782225 -0.01205175 ... -0.01978481  0.0136549  -0.02838651
0.00536461 -0.03220789 -0.0108802  ... -0.0361725  -0.00594292 -0.01751489
-0.01060959 -0.00700512 -0.01687315 ... -0.016753   -0.0121816  -0.00720283
-0.00989319 -0.00860934 -0.03359517 ... -0.0202634  -0.01966187 -0.01392363
0.00616202 -0.00252905 -0.02305886 ... -0.01881921 -0.01846315 -0.02547324
0.01593787 -0.02228353 -0.03945199 ... -0.04057705  0.00188087 -0.0289387
-0.00378361 -0.02771311 -0.02285551 ... -0.02803716  0.01102138 -0.03974966
-0.00823122 -0.01294737  0.00035369 ... -0.02532287 -0.00571349 -0.00816457
-0.01154701 -0.02119223 -0.01651796 ... -0.01745318 -0.01215093 -0.02109642
0.00516504 -0.02053519 -0.00489635 ... -0.01337669  0.00896723 -0.03550703
-0.0043238  -0.03323172 -0.04152088 ... -0.02661262  0.03725889 -0.04273585
-0.01313449 -0.03800423 -0.04640796 ... -0.02282771  0.00279597 -0.01982888
-0.00534011 -0.03875365 -0.01986968 ... -0.01887426  0.006546   -0.01896493
-0.02721997 -0.03438823 -0.01084378 ... -0.03153557 -0.0025108  -0.01630984
0.02021551 -0.01556356  0.01256878 ... -0.00874702 -0.00695678 -0.02603994
-0.00217426 -0.01486539 -0.00551805 ... -0.03104063 -0.01350654 -0.01970888
0.01820892 -0.0088924  -0.01290475 ... -0.02404408 -0.00660715 -0.02819701
-0.02914375 -0.02996317 -0.02175044 ... -0.02821271 -0.04393313 -0.03403458
-0.01481447 -0.03356379  0.00251799 ... -0.00230895  0.02458453 -0.00527564
-0.00560115 -0.04579443 -0.02996195 ... -0.03258592  0.0189382  -0.00936713
-0.01281074 -0.03511941 -0.00937893 ... -0.0104203  -0.00869784 -0.0322606
0.00186069 -0.01438985 -0.01089557 ... -0.00784198 -0.00769575 -0.02805351
-0.00901457 -0.02256877 -0.02208192 ... -0.02759532 -0.00423995 -0.01670815
0.00088317 -0.00491104 -0.00517923 ... -0.03403924 -0.00204763 -0.03073432
-0.00281882 -0.03169134 -0.01009054 ... -0.03132524  0.00800877 -0.03467189
-0.0205193  -0.03386049  0.00377102 ... -0.01510146 -0.0204043  -0.00756806
0.0217829  -0.01581913 -0.02662401 ... -0.03532023  0.01530032 -0.01432403
0.02665305 -0.01990956 -0.03692369 ... -0.02328495 -0.00777108 -0.00477208
-0.01061363 -0.01619106  0.00505256 ...  0.0108214  -0.00980873 -0.01788912
-0.00349519 -0.01569463 -0.01700958 ... -0.00935942 -0.00688975 -0.03204574
0.01681058 -0.02307735  0.01025906 ... -0.00922499 -0.0069454  -0.02601309
0.0167644  -0.00964594 -0.01531756 ... -0.03978643 -0.02134016 -0.01141849
0.03875644 -0.01735124 -0.00567181 ... -0.02703114  0.01479728 -0.02699493
0.00969144 -0.02023839 -0.00824331 ... -0.02105954  0.00564235 -0.01115878
0.00434775 -0.02863284 -0.01489355 ... -0.01360337  0.00543034 -0.00258232
-0.00700588 -0.01127975  0.0009205  ... -0.02887097 -0.00406228 -0.01151837
0.00075498 -0.03571548  0.00608019 ... -0.0067923  -0.01005522 -0.03443635
-0.01802718 -0.03511986 -0.02233398 ... -0.00919041  0.00743377 -0.01000697
0.00232892 -0.03347696 -0.0273693  ... -0.01114703 -0.00213402 -0.00773608
-0.00085879 -0.03257942  0.00162559 ... -0.00076676 -0.0095758  -0.01204113
0.00575447 -0.02412252 -0.01780703 ... -0.01995056  0.00103197 -0.00161824
0.00163037 -0.0162598  -0.0316725  ... -0.04769705  0.00359534 -0.00950027
0.01929958 -0.0269286  -0.01751684 ... -0.03848617 -0.01191338  0.0137703
0.00457143 -0.03089357 -0.00339101 ... -0.00377111 -0.00075805 -0.02580923
-0.00126982 -0.02000937 -0.00099323 ... -0.00475586 -0.01568982 -0.01234341
0.00314684  0.00155041 -0.02591287 ... -0.00124152 -0.01267794  0.00025836
0.00901015 -0.01404547 -0.01991221 ... -0.02425322 -0.01956947 -0.02913519
0.01804512 -0.02860793 -0.03027664 ... -0.01440382 -0.02419264 -0.0248813
0.00674166 -0.00787328  0.00067685 ... -0.01557311  0.00961909 -0.01336547
0.00169685 -0.01288713 -0.02038626 ... -0.00304292 -0.02262302 -0.01037613
0.007129   -0.04196989 -0.0048251  ... -0.01662991  0.02631236 -0.0316085
0.01929836 -0.00514732 -0.01108463 ... -0.01711634 -0.00656302 -0.01635794
0.01635518 -0.03195481 -0.01381824 ... -0.02519647  0.00683726 -0.02152834
-0.00273009 -0.00431672 -0.04873942 ... -0.01670258  0.00907447 -0.00471213
0.02401481 -0.02534535 -0.02639877 ... -0.01002251 -0.00586998 -0.03578604
-0.0156428  -0.01459911 -0.0168217  ... -0.03300442 -0.00034726 -0.02252093
0.00309467 -0.04035785 -0.02177207 ... -0.03407014 -0.01408796 -0.00665632
-0.00771041 -0.02082372  0.00821082 ... -0.0213776  -0.01661987 -0.00638531
0.00448014 -0.0273769  -0.0118101  ... -0.01172367  0.02344147 -0.01196082
0.01444124 -0.04124575 -0.02298827 ... -0.02015537 -0.01052465 -0.0377766
-0.00238565 -0.00660902 -0.01133396 ... -0.0232952  -0.00088402 -0.0164379
0.00048928 -0.01817392 -0.01936966 ... -0.02430488 -0.00779358 -0.00170831
0.01388275 -0.03568938  0.01669014 ... -0.02046951 -0.02142555 -0.02660719
-0.00552121 -0.00818331  0.02202602 ... -0.00310871 -0.00590361 -0.02415675
0.00498545  0.00656395  0.00719585 ... -0.0190242  -0.00491844 -0.02464784
-0.00211656 -0.02595688  0.00085778 ...  0.01787975 -0.03124515 -0.02119475
0.01160379  0.02241009 -0.00445127 ... -0.02534167  0.00021683  0.00699695
0.01173633 -0.01135978  0.0035411  ...  0.00064794  0.00697028 -0.00809527
-0.01491646 -0.02510819 -0.00084569 ... -0.01988515  0.01879363 -0.01916632
-0.00331051 -0.02286498  0.00671187 ... -0.02057461 -0.02001783 -0.03293019
-0.0037125  -0.01322341 -0.00225533 ... -0.0155264  -0.00177753 -0.02925572
0.00107296 -0.01782673  0.00504774 ... -0.02933153 -0.00207897 -0.03364547
0.00449517 -0.01175366  0.01262853 ... -0.01088749 -0.00814244 -0.01842785
0.01179377 -0.03770871  0.02374684 ... -0.03440986 -0.00385503 -0.01479612
-0.0074042  -0.0083931  -0.01998434 ... -0.04158799 -0.00930985 -0.01378678
-0.00688085  0.01069722 -0.00975278 ... -0.02183273  0.01940105 -0.02013972
-0.0119506  -0.00087648  0.00594138 ... -0.00201968 -0.00734908 -0.00304981
0.00050505 -0.02049552 -0.02561237 ... -0.02004408 -0.00651669 -0.03950614
0.02087265 -0.01161482  0.01176537 ... -0.00637933  0.0146588  -0.02334442
-0.0088767   0.00196275  0.01705585 ... -0.02665784  0.00842809 -0.01569662
0.01024296  0.00483709 -0.02116191 ...  0.00324007 -0.01239004 -0.04541387
-0.00165676 -0.02244308 -0.02035813 ... -0.000742   -0.01717072 -0.03640238
0.00669519 -0.00903347 -0.00171255 ...  0.00780556 -0.00382273 -0.04300358
0.00190497 -0.03455269 -0.01088694 ... -0.00639834  0.00165628 -0.02749521
-0.0215155  -0.01179343  0.00232202 ... -0.02096189 -0.00380795 -0.01638134
-0.00749924 -0.01335542 -0.01179958 ...  0.00058389 -0.00088839 -0.02247969
-0.00703505  0.00870477 -0.00761958 ... -0.0289115  -0.0169769  -0.01948386
-0.00972327  0.00164464 -0.02492787 ... -0.01147079 -0.01346889 -0.02719925
-0.01613311 -0.02255978 -0.03729326 ... -0.01633179  0.02846543 -0.01339593
-0.00771812 -0.01989817 -0.00327714 ... -0.01405552  0.00797211 -0.02259888
0.0173198  -0.03334167 -0.00157407 ... -0.00644802  0.00316181 -0.02904599
-0.00092163 -0.04302285 -0.01738422 ... -0.01559873 -0.00485668 -0.01107952
-0.00627126 -0.0038246  -0.01984438 ... -0.02891555 -0.00753019 -0.00777504
-0.00760844 -0.03961142 -0.00405392 ... -0.0071884  -0.02480814 -0.01171753
0.00712302 -0.03024583  0.01428912 ... -0.00134299 -0.00696878 -0.04633445
0.01206953 -0.00882519 -0.01475267 ... -0.01588404 -0.01598299 -0.02194911
0.00132068 -0.01431057 -0.0194378  ...  0.00371386  0.00422277 -0.03481861
0.00879753 -0.02987431 -0.02231316 ... -0.02477708  0.00760196 -0.00827708
-0.00835129 -0.02347204 -0.01309446 ... -0.02965101 -0.01527208 -0.02759915
-0.01045542 -0.02487698 -0.0284366  ... -0.03740613  0.00496049 -0.01011291
-0.00886292 -0.02701401 -0.02307081 ... -0.00959165  0.02277131 -0.01107844
0.0142333  -0.00744112 -0.02208779 ... -0.02129106 -0.00095492 -0.01478283
0.01007488 -0.0141753  -0.02116685 ... -0.01311492 -0.00237277 -0.02844994
0.00626191 -0.02538399  0.00368672 ... -0.00277947 -0.01510208 -0.04557607
0.00396216 -0.02372669 -0.02264385 ... -0.02563101 -0.00915746 -0.04527346
0.00017394 -0.03782878 -0.00376236 ... -0.0346141   0.00569799 -0.02171056
-0.00564181 -0.03240045 -0.01127684 ... -0.00954881 -0.00173126 -0.00144594
-0.01409699  0.00521715  0.0104151  ... -0.01551498 -0.01052936 -0.00365837
-0.01682131 -0.01168687  0.01075238 ... -0.01916866  0.00185508 -0.00974959
-0.02894664 -0.02165041 -0.02219272 ...  0.02053749 -0.0040391  -0.02677257
-0.00960778 -0.02569009 -0.01193315 ... -0.00586229  0.02332215 -0.03111786
