 input_ids shape: [8], attention mask shape: [8]
Generating embeddings... 
Columns 1 to 6 1.9196e-02  1.2009e-01  1.5960e-01  6.7066e-02  5.0075e-02 -2.5919e-02

Columns 7 to 12 5.6468e-02 -9.2858e-02 -3.7611e-02  6.3239e-03 -4.2888e-02  4.0283e-03

Columns 13 to 18 4.7278e-03  3.2468e-02  4.9520e-02  5.2982e-02 -4.0445e-02 -2.1484e-02

Columns 19 to 24-3.0276e-02  2.2086e-02 -1.6078e-01  8.0808e-02 -2.8013e-02  8.0626e-02

Columns 25 to 30-2.8581e-02  5.3582e-02  1.2638e-02  4.7919e-02  5.7111e-03 -3.2583e-02

Columns 31 to 36-2.6157e-02  8.0096e-02  1.4732e-02 -3.2408e-02 -4.1255e-02 -9.6834e-03

Columns 37 to 42 5.0081e-04 -1.5629e-01 -6.7788e-02  4.8878e-02  1.8898e-02 -7.9772e-02

Columns 43 to 48 2.4387e-02  5.4669e-03  1.1066e-02 -7.7795e-03 -2.2039e-02  3.5032e-02

Columns 49 to 54 1.0608e-01 -4.7246e-03 -5.7819e-02  2.3457e-02 -5.9204e-02 -6.0901e-02

Columns 55 to 60-7.7857e-02  6.6029e-02  1.7860e-02 -8.1127e-02  7.5763e-02 -2.4345e-02

Columns 61 to 66 9.0903e-03  6.8752e-02 -3.9727e-02  3.6024e-02  5.7725e-02 -6.3052e-02

Columns 67 to 72-8.7782e-02  2.8430e-02  1.4535e-02 -4.1862e-02 -6.0953e-02  1.8354e-02

Columns 73 to 78 7.7261e-02 -1.8808e-02  9.4316e-03 -5.0604e-02 -2.1747e-02 -3.1819e-02

Columns 79 to 84 2.4360e-02 -3.4925e-02  4.6764e-02 -4.7039e-02  3.9234e-02  1.9404e-02

Columns 85 to 90-3.3097e-02  2.5332e-02 -2.6381e-03  7.0082e-02  6.9878e-02 -3.7387e-02

Columns 91 to 96-8.2527e-02 -4.3426e-02 -9.7055e-02  1.4579e-02 -2.7816e-02  3.9269e-02

Columns 97 to 102 1.1693e-03  1.9239e-04 -7.5703e-02  8.6097e-02  2.8849e-02  2.2922e-02

Columns 103 to 108-3.5737e-02  3.5478e-02  2.4524e-02  2.4035e-02 -8.7905e-02  1.4488e-02

Columns 109 to 114-2.7346e-02 -8.5209e-02 -1.4495e-02  4.7992e-02 -4.6203e-02 -5.0097e-03

Columns 115 to 120 5.7211e-02 -5.8055e-02 -3.1362e-02  2.6431e-02 -2.3436e-02  1.5549e-02

Columns 121 to 126-1.9146e-02 -3.7739e-02 -4.9492e-03  9.5907e-02  5.8754e-02  4.4758e-02

Columns 127 to 132 6.5017e-02 -8.8841e-33  8.5244e-02  1.2636e-02  5.7643e-02  9.0341e-02

Columns 133 to 138 2.2508e-02 -2.9011e-02 -2.3591e-02 -6.7543e-02 -6.4476e-02 -8.7077e-02

Columns 139 to 144-1.6499e-02 -2.3918e-02 -4.0998e-02 -3.0939e-03  2.4970e-02 -1.1834e-01

Columns 145 to 150-2.0017e-02  3.9038e-02 -7.6224e-03  1.2622e-01 -1.0774e-01  2.3070e-03

Columns 151 to 156 3.9351e-03 -1.7343e-02 -4.4555e-02 -3.1852e-02  8.2500e-02  3.1584e-03

Columns 157 to 162 5.1205e-03  3.6078e-03  1.0053e-01 -3.1403e-02  8.1444e-02  2.9075e-02

Columns 163 to 168 3.8888e-02 -5.7476e-02 -4.5787e-02 -1.8360e-02  5.5199e-02  1.6193e-02

Columns 169 to 174-1.5542e-02 -1.9322e-02  5.9065e-03 -4.0403e-02 -1.1588e-02  6.1792e-02

Columns 175 to 180 5.1847e-02  5.1126e-02 -2.2707e-02  1.7141e-02 -8.4046e-02  1.9628e-02

Columns 181 to 186-1.2226e-02  4.1059e-02 -5.4605e-02 -5.0310e-02  1.4173e-04  2.6702e-02

Columns 187 to 192 3.4801e-02  2.8197e-02 -4.8503e-02  2.6509e-02 -4.7976e-03 -1.3882e-01

Columns 193 to 198 9.2224e-02 -2.4166e-02  1.1271e-02  7.2961e-02 -9.4754e-02  3.9178e-02

Columns 199 to 204 5.6331e-02  3.2145e-02  6.9132e-02  2.3899e-02  6.4837e-03  1.7374e-02

Columns 205 to 210 1.2358e-01 -2.8460e-02  8.6733e-02  6.1037e-02 -2.5096e-02  1.0690e-01

Columns 211 to 216 2.9854e-02 -7.7020e-02 -1.0165e-02 -6.4356e-03 -3.2492e-02 -3.3763e-02

Columns 217 to 222-4.3240e-02  6.2158e-02 -4.0605e-02  3.8989e-02  5.8522e-02 -3.4191e-02

Columns 223 to 228-5.1212e-02  4.5051e-33  1.1312e-01 -8.5107e-03 -9.2503e-02  2.2042e-02

Columns 229 to 234-5.6686e-02 -1.5767e-02 -4.6731e-02  6.1458e-02 -5.1641e-02  8.9032e-02

Columns 235 to 240 9.3516e-03  6.3582e-02  7.0129e-02 -6.4754e-02  5.4185e-03  1.3385e-03

Columns 241 to 246 3.7968e-02  6.8903e-02 -7.4248e-02  6.3694e-02 -4.7565e-02 -7.8421e-03

Columns 247 to 252-8.1896e-03  1.8413e-02 -7.6023e-03  4.7639e-02 -1.7252e-02  4.4072e-02

Columns 253 to 258-8.7778e-02 -1.0792e-02 -5.5414e-02  4.8861e-02 -7.8336e-02  1.6749e-02

Columns 259 to 264-1.6438e-02  6.0677e-02  2.8574e-02 -9.5206e-02  2.5144e-03  1.0856e-02

Columns 265 to 270-5.0945e-02 -2.1477e-02  1.5280e-01 -4.2782e-02  2.8909e-02 -4.9657e-02

Columns 271 to 276-5.7950e-02  2.8213e-02 -3.2584e-02 -1.7504e-02  4.4887e-02  3.4081e-02

Columns 277 to 282 1.4521e-04  4.8184e-02  4.1830e-02 -4.6919e-02 -7.9187e-02 -3.4271e-02

Columns 283 to 288-6.6671e-02 -1.0346e-02 -9.1199e-02  6.6737e-03 -1.4581e-02  2.3923e-03

Columns 289 to 294 4.4456e-03 -1.0588e-02 -2.7845e-02 -3.4964e-02 -2.4667e-02  4.7820e-02

Columns 295 to 300-2.0823e-02 -5.9582e-02 -1.0404e-01 -5.5910e-02  3.8654e-02  1.0514e-02

Columns 301 to 306 3.5582e-02  1.7645e-02 -2.4996e-02  6.6644e-02 -5.3012e-02  2.3005e-02

Columns 307 to 312 1.7349e-02 -2.0735e-02 -1.9531e-02 -9.5155e-02 -5.0257e-03 -6.3518e-02

Columns 313 to 318 4.3559e-02  7.2691e-02 -2.7536e-02  4.3485e-02 -4.5543e-02  3.3228e-02

Columns 319 to 324-2.5619e-02 -1.8957e-08 -3.7301e-02 -8.2924e-02 -6.9940e-02  1.3568e-02

Columns 325 to 330-3.5431e-03 -5.7941e-02  7.4111e-02 -4.2232e-02 -1.2866e-02  3.6789e-02

Columns 331 to 336 4.5885e-02  6.0550e-02 -1.4357e-02  4.8855e-02  4.7124e-02 -6.8554e-02

Columns 337 to 342-1.8713e-02  2.1503e-02 -1.6254e-02  2.1260e-03  6.0961e-02 -2.1608e-03

Columns 343 to 348-1.7299e-02  7.2675e-02  5.7060e-02 -7.0133e-03 -5.6880e-03 -4.8419e-02

Columns 349 to 354 1.8725e-02  6.4706e-02 -2.5390e-02  1.7765e-02 -2.4289e-03 -1.6799e-02

Columns 355 to 360-1.9521e-03 -3.7365e-02  2.6961e-02  4.3378e-02 -5.7502e-02 -3.0669e-02

Columns 361 to 366-3.1366e-02  1.7894e-02 -5.4049e-02 -1.9800e-02  4.0495e-02 -7.4732e-02

Columns 367 to 372 4.4554e-02  3.6307e-02 -7.2008e-02  1.1635e-02 -1.2240e-02  4.1323e-03

Columns 373 to 378 7.8224e-02  5.3710e-02 -2.5769e-02 -1.1311e-02 -4.8309e-02 -1.8419e-02

Columns 379 to 384 2.6065e-02 -1.3710e-03 -5.3168e-02 -5.3629e-03 -8.1095e-02  5.0213e-02
[ CPUFloatType{1,384} ]
ok
